50194 65024
50194 59215
50194 57600
50194 65024
50194 63974
50194 55040
50194 62208
50194 60376
50194 52560
50194 55337
50194 65024
50194 65024
50194 56445
50194 62720
50194 59904
50194 54784
50194 62976
50194 63515
50194 52923
50194 65024
50194 52224
50194 65024
50194 65024
50194 54697
50194 62464
50194 65024
50194 65024
50194 58310
50194 65024
50194 50404
50194 52734
50194 53504
50194 65024
50194 65122
50194 54272
50194 59134
50194 53802
50194 65024
50194 61440
50194 51264
50194 62718
50194 60910
50194 53767
50194 65022
50194 52783
50194 61696
50194 56832
50194 60392
50194 59136
50194 60416
50194 65064
50194 52736
50194 55384
50194 65089
50194 54913
50194 65098
50194 58624
50194 62976
50194 64096
50194 52992
50194 65082
50194 65057
50194 50227
50194 65024
50194 58368
50194 65160
50194 58624
50194 58309
50194 50383
50194 50430
50194 51253
50194 65184
50194 55552
50194 65196
50194 51132
50194 56105
50194 56318
50194 60038
50194 54784
50194 65024
50194 65255
50194 64256
50194 62720
50194 64256
50194 65024
50194 58753
50194 58880
50194 57063
50194 52480
50194 53760
50194 65063
50194 65200
50194 54528
50194 62976
50194 64249
50194 51968
50194 61886
50194 65024
50194 56523
50194 65146
50194 65261
50194 64000
50194 65024
50194 53455
50194 65024
50194 55556
50194 52736
50194 65230
50194 63744
50194 52480
50194 64123
50194 51624
50194 52073
50194 65024
50194 64477
50194 59392
50194 62976
50194 65024
50194 51712
50194 51454
50194 53413
50194 59392
50194 60672
50194 54014
50194 65024
50194 57617
50194 65209
50194 57592
50194 62718
50194 62974
50194 65024
50194 62464
50194 65534
50194 65024
50194 65024
50194 50688
50194 52480
50194 60684
50194 65029
50194 62414
50194 59136
50194 65024
50194 65142
50194 65037
50194 57600
50194 65154
50194 59392
50194 51200
50194 50244
50194 61952
50194 63744
50194 52196
50194 56832
50194 65171
50194 58880
50194 51968
50194 60215
50194 63232
50194 53502
50194 60947
50194 55038
50194 59794
50194 59134
50194 60670
50194 61950
50194 65024
50194 65196
50194 65213
50194 65024
50194 60416
50194 59392
50194 65024
50194 65164
50194 60672
50194 65024
50194 65165
50194 50699
50194 65048
50194 59648
50194 65024
50194 56320
50194 59136
50194 65024
50194 65110
50194 60672
50194 55697
50194 63697
50194 50686
50194 65176
50194 51165
50194 57600
50194 51908
50194 59134
50194 65024
50194 61950
50194 65216
50194 56064
50194 65024
50194 60585
50194 65024
50194 57183
50194 52999
50194 51712
50194 65024
50194 50730
50194 58543
50194 65090
50194 57070
50194 62464
50194 52224
50194 65024
50194 65024
50194 65024
50194 56576
50194 53504
50194 54528
50194 60160
50194 57088
50194 52537
50194 64256
50194 61571
50194 65056
50194 65182
50194 65024
50194 65024
50194 55808
50194 63488
50194 52478
50194 52734
50194 65059
50194 59212
50194 65039
50194 60416
50194 62464
50194 59646
50194 63744
50194 60926
50194 61438
50194 64000
50194 56884
50194 55162
50194 63998
50194 57344
50194 62108
50194 60162
50194 55189
50194 54272
50194 61983
50194 57600
50194 58880
50194 51037
50194 62976
50194 63577
50194 65055
50194 58112
50194 65024
50194 54572
50194 60736
50194 58262
50194 65066
50194 54784
50194 65073
50194 56904
50194 51456
50194 65217
50194 51966
50194 65264
50194 54270
50194 65229
50194 59392
50194 62718
50194 64766
50194 65024
50194 55552
50194 60439
50194 56089
50194 65261
50194 55040
50194 58880
50194 53248
50194 61130
50194 57927
50194 50688
50194 65024
50194 65024
50194 52480
50194 51200
50194 62899
50194 65024
50194 65024
50194 65024
50194 63488
50194 65083
50194 51968
50194 54685
50194 58215
50194 60672
50194 62208
50194 60253
50194 62720
50194 65037
50194 59390
50194 57088
50194 51784
50194 59768
50194 59136
50194 65197
50194 65024
50194 62069
50194 65024
50194 55343
50194 65243
50194 63087
50194 59130
50194 50439
50194 65024
50194 63002
50194 65024
50194 63566
50194 65024
50194 65090
50194 64284
50194 65024
50194 65024
50194 65024
50194 52480
50194 65258
50194 64000
50194 65024
50194 52326
50194 65024
50194 54467
50194 65024
50194 56064
50194 59648
50194 50343
50194 60080
50194 61878
50194 65170
50194 65024
50194 55659
50194 59367
50194 64147
50194 50430
50194 64256
50194 63744
50194 61952
50194 65024
50194 56574
50194 58655
50194 61438
50194 61950
50194 61218
50194 61370
50194 61399
50194 62121
50194 65024
50194 53504
50194 65053
50194 58158
50194 59136
50194 65072
50194 52736
50194 54542
50194 65219
50194 57798
50194 63232
50194 63569
50194 60628
50194 59329
50194 50944
50194 53248
50194 60361
50194 51456
50194 65150
50194 65024
50194 52478
50194 65057
50194 56574
50194 59054
50194 56832
50194 54272
50194 54963
50194 61694
50194 65195
50194 62464
50194 59847
50194 65534
50194 59648
50194 52582
50194 65087
50194 52129
50194 60612
50194 65183
50194 61952
50194 50432
50194 50213
50194 54542
50194 65024
50194 65024
50194 59136
50194 65024
50194 56832
50194 65252
50194 65024
50194 65024
50194 55333
50194 65024
50194 61843
50194 57088
50194 65235
50194 63074
50194 56064
50194 52734
50194 59648
50194 58236
50194 65024
50194 56064
50194 60672
50194 65024
50194 59646
50194 60160
50194 61694
50194 61950
50194 63486
50194 62464
50194 52992
50194 51141
50194 60416
50194 59136
50194 50688
50194 65024
50194 65024
50194 58917
50194 61390
50194 58167
50194 64000
50194 60416
50194 51546
50194 62976
50194 60672
50194 51968
50194 55552
50194 65173
50194 65024
50194 55552
50194 58112
50194 52736
50194 60416
50194 55176
50194 61952
50194 53760
50194 50686
50194 51454
50194 59392
50194 63744
50194 65024
50194 55806
50194 58110
50194 65024
50194 59136
50194 65024
50194 58112
50194 57803
50194 65078
50194 62444
50194 65239
50194 64256
50194 65114
50194 55040
50194 56576
50194 61714
50194 50706
50194 52224
50194 65268
50194 60121
50194 50432
50194 65210
50194 63459
50194 50432
50194 62216
50194 55686
50194 63232
50194 51456
50194 51200
50194 65024
50194 61952
50194 58880
50194 56576
50194 52222
50194 53758
50194 65024
50194 57086
50194 65024
50194 60672
50194 65272
50194 65255
50194 65214
50194 50600
50194 59565
50194 54016
50194 65024
50194 58112
50194 51968
50194 55552
50194 51257
50194 53504
50194 55732
50194 60366
50194 61184
50194 65049
50194 54485
50194 65137
50194 59136
50194 50515
50194 54880
50194 65173
50194 57396
50194 57088
50194 61952
50194 57600
50194 52194
50194 58124
50194 53107
50194 55296
50194 50227
50194 65239
50194 50773
50194 53924
50194 59392
50194 54016
50194 60416
50194 56040
50194 65024
50194 60350
50194 55248
50194 65236
50194 56576
50194 64256
50194 58624
50194 58624
50194 63744
50194 62718
50194 65136
50194 51015
50194 65024
50194 58963
50194 58880
50194 60160
50194 56576
50194 60856
50194 65179
50194 52047
50194 58112
50194 52736
50194 54016
50194 59648
50194 53504
50194 65024
50194 60416
50194 65141
50194 61952
50194 56064
50194 65060
50194 62521
50194 58368
50194 58825
50194 57510
50194 63488
50194 59904
50194 62464
50194 59136
50194 59136
50194 57344
50194 57856
50194 65128
50194 51454
50194 65024
50194 56574
50194 63266
50194 54707
50194 57856
50194 57964
50194 61694
50194 65106
50194 60500
50194 65024
50194 51740
50194 65278
50194 65024
50194 60405
50194 63969
50194 65024
50194 53146
50194 57322
50194 65268
50194 61303
50194 54446
50194 55394
50194 65193
50194 55405
50194 63232
50194 52009
50194 65047
50194 57635
50194 52405
50194 65024
50194 65098
50194 52992
50194 63744
50194 56588
50194 65024
50194 53248
50194 53504
50194 58368
50194 50432
50194 57464
50194 62566
50194 65024
50194 65024
50194 57931
50194 51876
50194 59428
50194 57088
50194 53057
50194 65095
50194 65036
50194 61696
50194 56967
50194 65160
50194 63488
50194 57854
50194 62464
50194 64766
50194 50944
50194 59904
50194 65024
50194 54528
50194 56324
50194 65024
50194 65054
50194 64256
50194 65024
50194 65024
50194 61952
50194 65024
50194 65024
50194 59430
50194 51397
50194 65053
50194 51456
50194 65218
50194 57364
50194 52644
50194 59392
50194 58624
50194 65024
50194 61079
50194 60416
50194 52066
50194 54784
50194 60672
50194 53760
50194 52736
50194 50819
50194 50430
50194 63744
50194 60772
50194 65024
50194 53248
50194 65024
50194 54519
50194 64256
50194 63488
50194 60414
50194 53200
50194 65073
50194 61950
50194 63488
50194 57344
50194 51712
50194 54784
50194 53546
50194 65047
50194 61952
50194 65096
50194 55657
50194 65038
50194 65024
50194 65140
50194 64334
50194 65024
50194 51712
50194 61440
50194 63063
50194 65024
50194 65024
50194 57165
50194 58112
50194 65049
50194 65024
50194 57856
50194 60416
50194 61005
50194 63744
50194 60381
50194 50942
50194 57120
50194 53246
50194 58880
50194 65050
50194 52992
50194 61184
50194 65132
50194 61438
50194 65100
50194 61440
50194 64254
50194 65188
50194 51678
50194 52480
50194 55926
50194 58112
50194 57549
50194 65186
50194 65024
50194 65024
50194 51200
50194 65167
50194 60555
50194 65024
50194 59904
50194 59186
50194 54452
50194 52480
50194 55296
50194 65249
50194 50347
50194 61667
50194 65024
50194 65024
50194 65024
50194 65102
50194 54014
50194 57181
50194 55550
50194 56318
50194 60160
50194 65036
50194 56193
50194 65024
50194 60949
50194 55808
50194 58624
50194 61184
50194 57399
50194 63194
50194 50432
50194 58026
50194 57856
50194 59706
50194 65024
50194 65024
50194 65164
50194 55552
50194 65024
50194 51642
50194 52396
50194 59040
50194 65071
50194 65207
50194 62958
50194 65024
50194 61696
50194 65130
50194 65056
50194 51968
50194 59392
50194 62464
50194 52992
50194 65124
50194 61784
50194 57998
50194 62720
50194 60416
50194 53248
50194 61014
50194 65024
50194 65024
50194 53760
50194 52147
50194 56320
50194 53852
50194 56093
50194 60928
50194 61905
50194 51852
50194 55040
50194 64308
50194 55040
50194 54039
50194 65024
50194 54675
50194 65141
50194 65024
50194 65024
50194 61968
50194 51655
50194 59840
50194 63058
50194 52724
50194 54528
50194 61952
50194 65024
50194 51710
50194 65253
50194 65249
50194 56062
50194 59648
50194 62045
50194 55082
50194 63488
50194 61114
50194 65022
50194 50944
50194 65024
50194 58608
50194 56576
50194 55552
50194 65037
50194 52992
50194 60672
50194 65192
50194 57856
50194 57246
50194 52963
50194 65024
50194 65024
50194 62976
50194 53101
50194 54272
50194 65105
50194 56524
50194 63744
50194 53248
50194 64256
50194 65127
50194 50314
50194 51966
50194 55552
50194 52802
50194 55559
50194 59783
50194 65031
50194 65059
50194 58622
50194 64256
50194 63230
50194 65260
50194 50255
50194 65278
50194 65024
50194 52992
50194 61952
50194 65024
50194 65256
50194 65055
50194 55908
50194 61184
50194 63987
50194 65111
50194 63232
50194 52480
50194 54528
50194 52992
50194 55774
50194 62464
50194 52862
50194 65024
50194 65024
50194 50211
50194 51201
50194 51456
50194 57088
50194 52605
50194 65245
50194 64327
50194 65024
50194 64052
50194 53089
50194 54839
50194 65024
50194 65024
50194 55040
50194 51200
50194 57342
50194 65024
50194 65063
50194 60670
50194 65208
50194 61950
50194 57856
50194 65024
50194 62974
50194 63998
50194 56576
50194 53504
50194 64204
50194 56064
50194 65024
50194 54049
50194 54953
50194 63488
50194 65024
50194 65024
50194 62759
50194 52310
50194 59648
50194 56232
50194 60463
50194 65024
50194 52187
50194 58368
50194 51037
50194 52258
50194 59904
50194 65024
50194 61440
50194 50390
50194 65024
50194 52981
50194 52942
50194 65024
50194 63744
50194 62337
50194 60928
50194 63113
50194 65089
50194 54165
50194 61015
50194 55354
50194 59576
50194 65054
50194 54014
50194 55040
50194 51200
50194 57342
50194 53566
50194 59134
50194 63232
50194 54272
50194 65094
50194 60555
50194 58252
50194 65024
50194 61970
50194 65119
50194 51867
50194 53044
50194 60940
50194 53701
50194 65024
50194 65024
50194 65024
50194 52992
50194 57427
50194 59523
50194 65024
50194 65024
50194 55211
50194 52143
50194 56320
50194 65224
50194 60928
50194 65142
50194 60618
50194 59648
50194 65266
50194 61184
50194 59131
50194 59904
50194 50432
50194 57769
50194 65024
50194 59648
50194 65024
50194 60370
50194 61438
50194 51456
50194 65024
50194 65024
50194 65024
50194 65024
50194 59904
50194 62976
50194 65024
50194 58368
50194 53082
50194 64256
50194 52736
50194 65024
50194 62555
50194 65024
50194 65106
50194 65024
50194 54784
50194 65153
50194 50944
50194 60928
50194 63140
50194 65024
50194 65024
50194 65024
50194 52992
50194 57088
50194 65219
50194 65024
50194 60672
50194 63744
50194 61710
50194 65030
50194 60672
50194 62720
50194 65075
50194 60416
50194 65265
50194 65092
50194 59264
50194 57200
50194 62976
50194 55552
50194 53760
50194 51200
50194 55296
50194 50295
50194 61294
50194 56576
50194 62565
50194 52957
50194 58373
50194 65264
50194 58112
50194 51200
50194 65024
50194 52790
50194 61370
50194 59792
50194 65024
50194 65024
50194 55552
50194 54016
50194 55455
50194 57344
50194 60802
50194 59136
50194 52952
50194 59272
50194 60318
50194 55038
50194 65024
50194 54016
50194 62864
50194 57152
50194 57566
50194 63594
50194 65024
50194 57088
50194 55750
50194 58021
50194 54528
50194 65024
50194 57711
50194 57600
50194 65024
50194 55423
50194 52573
50194 65214
50194 64339
50194 63232
50194 65115
50194 65189
50194 65024
50194 52992
50194 65102
50194 64256
50194 58657
50194 65182
50194 63488
50194 64000
50194 56982
50194 60160
50194 60326
50194 65044
50194 65024
50194 58112
50194 51198
50194 50813
50194 61952
50194 60651
50194 55550
50194 62208
50194 63744
50194 65031
50194 65024
50194 65024
50194 59147
50194 61184
50194 55552
50194 50423
50194 54784
50194 53760
50194 65024
50194 62720
50194 52992
50194 65024
50194 60160
50194 60160
50194 65024
50194 61952
50194 60078
50194 58880
50194 60369
50194 53651
50194 62538
50194 56064
50194 51637
50194 62820
50194 65051
50194 56282
50194 65024
50194 65024
50194 50686
50194 65024
50194 51966
50194 56932
50194 65037
50194 56545
50194 65052
50194 65024
50194 65024
50194 56576
50194 65039
50194 65257
50194 56302
50194 65109
50194 65243
50194 59904
50194 59136
50194 59111
50194 65209
50194 65024
50194 65059
50194 63232
50194 65024
50194 65024
50194 65248
50194 55050
50194 65251
50194 62976
50194 65202
50194 52044
50194 62976
50194 54016
50194 64306
50194 63488
50194 65094
50194 63744
50194 65024
50194 65133
50194 65201
50194 53186
50194 55294
50194 59612
50194 63232
50194 65134
50194 62208
50194 65101
50194 65024
50194 65024
50194 64293
50194 65147
50194 52992
50194 54173
50194 51123
50194 51025
50194 65124
50194 55552
50194 65209
50194 65024
50194 65138
50194 57329
50194 58010
50194 65241
50194 65090
50194 65259
50194 59738
50194 60160
50194 54272
50194 65070
50194 65024
50194 64000
50194 65214
50194 52104
50194 65024
50194 56064
50194 57661
50194 63234
50194 59136
50194 61952
50194 64000
50194 62464
50194 55552
50194 61696
50194 65186
50194 59136
50194 65024
50194 55038
50194 52992
50194 56318
50194 60762
50194 57344
50194 62409
50194 65113
50194 58112
50194 52992
50194 61008
50194 58687
50194 59535
50194 65024
50194 59366
50194 65024
50194 53983
50194 56832
50194 63488
50194 63279
50194 65166
50194 62128
50194 59904
50194 50338
50194 63021
50194 51245
50194 60886
50194 65024
50194 58368
50194 62156
50194 56320
50194 51712
50194 56488
50194 62570
50194 62835
50194 65134
50194 60416
50194 65024
50194 61696
50194 65160
50194 58624
50194 55808
50194 54784
50194 54272
50194 52026
50194 54270
50194 54016
50194 52172
50194 56318
50194 60081
50194 65024
50194 61709
50194 62974
50194 63486
50194 65115
50194 54957
50194 65072
50194 62676
50194 60341
50194 65024
50194 65024
50194 64474
50194 65024
50194 65024
50194 55998
50194 65091
50194 65024
50194 58368
50194 65087
50194 51129
50194 58628
50194 57856
50194 65024
50194 65024
50194 62860
50194 53248
50194 58514
50194 65024
50194 56064
50194 55837
50194 52046
50194 65233
50194 58112
50194 54881
50194 53758
50194 65048
50194 65024
50194 51200
50194 63182
50194 63742
50194 63232
50194 65534
50194 65024
50194 62208
50194 63070
50194 56064
50194 55040
50194 52480
50194 57255
50194 50688
50194 51171
50194 65024
50194 58624
50194 55902
50194 60160
50194 52693
50194 64338
50194 62453
50194 55808
50194 50737
50194 65024
50194 65203
50194 52262
50194 55296
50194 56289
50194 65024
50194 65219
50194 65149
50194 65024
50194 62464
50194 56064
50194 64256
50194 50567
50194 56847
50194 54782
50194 61696
50194 62208
50194 60926
50194 61182
50194 53132
50194 62718
50194 63230
50194 63486
50194 57088
50194 62208
50194 65024
50194 65024
50194 61548
50194 65024
50194 51184
50194 63085
50194 65024
50194 63488
50194 65024
50194 65024
50194 62653
50194 53504
50194 65241
50194 54634
50194 59790
50194 56832
50194 50432
50194 63744
50194 65236
50194 59913
50194 58557
50194 63573
50194 57257
50194 60063
50194 56077
50194 65024
50194 64035
50194 51200
50194 54721
50194 65024
50194 51198
50194 65024
50194 54111
50194 60286
50194 65187
50194 65024
50194 65534
50194 50474
50194 61952
50194 64289
50194 59392
50194 65258
50194 65024
50194 55552
50194 59136
50194 63644
50194 60928
50194 56320
50194 62208
50194 59236
50194 57208
50194 55552
50194 65024
50194 60416
50194 65239
50194 56832
50194 65161
50194 57697
50194 55957
50194 53113
50194 65129
50194 57856
50194 65024
50194 55522
50194 65266
50194 63744
50194 59842
50194 51037
50194 60928
50194 65045
50194 65233
50194 65149
50194 65024
50194 64306
50194 62600
50194 65024
50194 58624
50194 55038
50194 54699
50194 55734
50194 60416
50194 65024
50194 55296
50194 54528
50194 51417
50194 57556
50194 63232
50194 60713
50194 65024
50194 59392
50194 65246
50194 55537
50194 65050
50194 57600
50194 56263
50194 64256
50194 55040
50194 59648
50194 56832
50194 65260
50194 61796
50194 65029
50194 65039
50194 65024
50194 65038
50194 65197
50194 61526
50194 65024
50194 65114
50194 65024
50194 65097
50194 56553
50194 57088
50194 65024
50194 57600
50194 53758
50194 65024
50194 55355
50194 63586
50194 62150
50194 65273
50194 65189
50194 59582
50194 65024
50194 65077
50194 52480
50194 57344
50194 53974
50194 61440
50194 63744
50194 65024
50194 54635
50194 61004
50194 65081
50194 51712
50194 65024
50194 65106
50194 63488
50194 52992
50194 57088
50194 60749
50194 60672
50194 56084
50194 55040
50194 61696
50194 65255
50194 63578
50194 58368
50194 53248
50194 54016
50194 50432
50194 65024
50194 53758
50194 52466
50194 56320
50194 51200
50194 56318
50194 54512
50194 59390
50194 52480
50194 65213
50194 59980
50194 53248
50194 58624
50194 63444
50194 65024
50194 53634
50194 65186
50194 65048
50194 60160
50194 65024
50194 65024
50194 54784
50194 65113
50194 57088
50194 65024
50194 65102
50194 65024
50194 65024
50194 58776
50194 63232
50194 57302
50194 65024
50194 65248
50194 51712
50194 51200
50194 65024
50194 64208
50194 65039
50194 58624
50194 65024
50194 65274
50194 65190
50194 65065
50194 65024
50194 53677
50194 65024
50194 65024
50194 63232
50194 65112
50194 55296
50194 64256
50194 58112
50194 50688
50194 61443
50194 50518
50194 61664
50194 58624
50194 63998
50194 62396
50194 62208
50194 65084
50194 65024
50194 51968
50194 50646
50194 56320
50194 65024
50194 65024
50194 58880
50194 56064
50194 57344
50194 65024
50194 50944
50194 60637
50194 52260
50194 54016
50194 54272
50194 62158
50194 65024
50194 65024
50194 56136
50194 65031
50194 65024
50194 52992
50194 53248
50194 57856
50194 50961
50194 65024
50194 53246
50194 55808
50194 64436
50194 65206
50194 65149
50194 65085
50194 57409
50194 58110
50194 58366
50194 59902
50194 65155
50194 63486
50194 53248
50194 65024
50194 65024
50194 65024
50194 65149
50194 55040
50194 56421
50194 57344
50194 61440
50194 57917
50194 54288
50194 57417
50194 61343
50194 58624
50194 55808
50194 62547
50194 61696
50194 52849
50194 65182
50194 57078
50194 65219
50194 54784
50194 52415
50194 56576
50194 61952
50194 51966
50194 60720
50194 52359
50194 65024
50194 59462
50194 55294
50194 65024
50194 65024
50194 62976
50194 65024
50194 65182
50194 65024
50194 51200
50194 61184
50194 62720
50194 65024
50194 50944
50194 63488
50194 50432
50194 59136
50194 54183
50194 56172
50194 51267
50194 65109
50194 52736
50194 65268
50194 63232
50194 65024
50194 59643
50194 65152
50194 52032
50194 55040
50194 65024
50194 65024
50194 50432
50194 58810
50194 50688
50194 65024
50194 53667
50194 60672
50194 52144
50194 57344
50194 65152
50194 65230
50194 65256
50194 62976
50194 60837
50194 52990
50194 53502
50194 53758
50194 55550
50194 52786
50194 50479
50194 57342
50194 65024
50194 60414
50194 55552
50194 65024
50194 62718
50194 61952
50194 65024
50194 52843
50194 65024
50194 53572
50194 63480
50194 65024
50194 56064
50194 65272
50194 65024
50194 62912
50194 50432
50194 65131
50194 65132
50194 57485
50194 50944
50194 65170
50194 51985
50194 65024
50194 60949
50194 65024
50194 61440
50194 56539
50194 62464
50194 53740
50194 53733
50194 65024
50194 51200
50194 50686
50194 54528
50194 65024
50194 51362
50194 54270
50194 65024
50194 65261
50194 57342
50194 60332
50194 60672
50194 55296
50194 65024
50194 65097
50194 50624
50194 51200
50194 59546
50194 52480
50194 65243
50194 58368
50194 65101
50194 65024
50194 65094
50194 57600
50194 65024
50194 53248
50194 63268
50194 65024
50194 58368
50194 61895
50194 59933
50194 65024
50194 65128
50194 59724
50194 57344
50194 60972
50194 58765
50194 53904
50194 63744
50194 55726
50194 65223
50194 65024
50194 57043
50194 63488
50194 62720
50194 57344
50194 59136
50194 60672
50194 65024
50194 63657
50194 61182
50194 61950
50194 57344
50194 63486
50194 52696
50194 65024
50194 65024
50194 65024
50194 65082
50194 55330
50194 65229
50194 61952
50194 59136
50194 56320
50194 60219
50194 59882
50194 52359
50194 51712
50194 55808
50194 65024
50194 57600
50194 52736
50194 54684
50194 60928
50194 63488
50194 54528
50194 58624
50194 65156
50194 65185
50194 57344
50194 65024
50194 62976
50194 60753
50194 64000
50194 60745
50194 65024
50194 65042
50194 65243
50194 65203
50194 50432
50194 65146
50194 53246
50194 53502
50194 54454
50194 55294
50194 63081
50194 56062
50194 50472
50194 65024
50194 61438
50194 51200
50194 65024
50194 65109
50194 65024
50194 60977
50194 65024
50194 63572
50194 59136
50194 51854
50194 65116
50194 63488
50194 51968
50194 65024
50194 57097
50194 55355
50194 55869
50194 51372
50194 62021
50194 61184
50194 63735
50194 52992
50194 50773
50194 65024
50194 65024
50194 59709
50194 56576
50194 64256
50194 65024
50194 57344
50194 57088
50194 52783
50194 65024
50194 52222
50194 53119
50194 55040
50194 55806
50194 56830
50194 50688
50194 60160
50194 59902
50194 60158
50194 65024
50194 61196
50194 62206
50194 63486
50194 65024
50194 65232
50194 62976
50194 55552
50194 57088
50194 51200
50194 53248
50194 50469
50194 65085
50194 52480
50194 60682
50194 54784
50194 65024
50194 60672
50194 54721
50194 63232
50194 65024
50194 52722
50194 65024
50194 63891
50194 57088
50194 55808
50194 65024
50194 60900
50194 65037
50194 50430
50194 50432
50194 65033
50194 65024
50194 52222
50194 65127
50194 61440
50194 57052
50194 65097
50194 58368
50194 61438
50194 61950
50194 65024
50194 65227
50194 61796
50194 65224
50194 53444
50194 65024
50194 65024
50194 54528
50194 57856
50194 65165
50194 65024
50194 52480
50194 59392
50194 59332
50194 65024
50194 52930
50194 53910
50194 57600
50194 64447
50194 52469
50194 56320
50194 62885
50194 60928
50194 52992
50194 65024
50194 58464
50194 58505
50194 65175
50194 65024
50194 58368
50194 62976
50194 64256
50194 62720
50194 52890
50194 60595
50194 53760
50194 65024
50194 65220
50194 65119
50194 52224
50194 65024
50194 56587
50194 65226
50194 65155
50194 56359
50194 65188
50194 55808
50194 63488
50194 65102
50194 57856
50194 65024
50194 62937
50194 50583
50194 65024
50194 59136
50194 51968
50194 57238
50194 51461
50194 65153
50194 65216
50194 61137
50194 57020
50194 62908
50194 60160
50194 51821
50194 50688
50194 57086
50194 60827
50194 59134
50194 64000
50194 65232
50194 62718
50194 64254
50194 65024
50194 65137
50194 65024
50194 50628
50194 65024
50194 62208
50194 56576
50194 61079
50194 65240
50194 61963
50194 52992
50194 65167
50194 60290
50194 65024
50194 53046
50194 58557
50194 51968
50194 52790
50194 65172
50194 65024
50194 50688
50194 63232
50194 56832
50194 56320
50194 64133
50194 54030
50194 65024
50194 61788
50194 51456
50194 63232
50194 56622
50194 52734
50194 65024
50194 54014
50194 54270
50194 61639
50194 65024
50194 54784
50194 56830
50194 54088
50194 65046
50194 65272
50194 52327
50194 65254
50194 63757
50194 65024
50194 53504
50194 52503
50194 65024
50194 65131
50194 61184
50194 65102
50194 58986
50194 65024
50194 56832
50194 65063
50194 53162
50194 65058
50194 65030
50194 65207
50194 54016
50194 64256
50194 65108
50194 55808
50194 56576
50194 65024
50194 55552
50194 65024
50194 56164
50194 56015
50194 52255
50194 57344
50194 60887
50194 50686
50194 65211
50194 55040
50194 50688
50194 56895
50194 61952
50194 62277
50194 65024
50194 63230
50194 65534
50194 52480
50194 64505
50194 59599
50194 61705
50194 65024
50194 57273
50194 52846
50194 65024
50194 65172
50194 65024
50194 53151
50194 65024
50194 51456
50194 64258
50194 57856
50194 57600
50194 65205
50194 65137
50194 61164
50194 61269
50194 63744
50194 56832
50194 55040
50194 65024
50194 54784
50194 52905
50194 65137
50194 57856
50194 65024
50194 59120
50194 65024
50194 55178
50194 50686
50194 65024
50194 52736
50194 59468
50194 57027
50194 57342
50194 57854
50194 50688
50194 59648
50194 65024
50194 61438
50194 65024
50194 58563
50194 61184
50194 65024
50194 57344
50194 65081
50194 57020
50194 57600
50194 59240
50194 62976
50194 65024
50194 58624
50194 62464
50194 58857
50194 53760
50194 54016
50194 65156
50194 52224
50194 61952
50194 56320
50194 65024
50194 65024
50194 58624
50194 65029
50194 57344
50194 62927
50194 52992
50194 59595
50194 58910
50194 65024
50194 56720
50194 59377
50194 65024
50194 65024
50194 50942
50194 51968
50194 55294
50194 65168
50194 65024
50194 65202
50194 50944
50194 60670
50194 65024
50194 51593
50194 64256
50194 63744
50194 50778
50194 55395
50194 56832
50194 61184
50194 53504
50194 65270
50194 62094
50194 65024
50194 63232
50194 63249
50194 65024
50194 65024
50194 59392
50194 60928
50194 60928
50194 65197
50194 65024
50194 65056
50194 50944
50194 65024
50194 65080
50194 65178
50194 54352
50194 58740
50194 58624
50194 62266
50194 65024
50194 62720
50194 61782
50194 65024
50194 52478
50194 53246
50194 55808
50194 55294
50194 55550
50194 65024
50194 60524
50194 60670
50194 61438
50194 62462
50194 65024
50194 65024
50194 57088
50194 62720
50194 65255
50194 54016
50194 64131
50194 59904
50194 56908
50194 62261
50194 65024
50194 65024
50194 58880
50194 65042
50194 53248
50194 60808
50194 65258
50194 58634
50194 52480
50194 56689
50194 52830
50194 52480
50194 59904
50194 55552
50194 63232
50194 63232
50194 50521
50194 57600
50194 65156
50194 51200
50194 65024
50194 62208
50194 65158
50194 58112
50194 51454
50194 65154
50194 65024
50194 56062
50194 65024
50194 53248
50194 65231
50194 65024
50194 62464
50194 50652
50194 65044
50194 61305
50194 65024
50194 61826
50194 65260
50194 50688
50194 54175
50194 65041
50194 52736
50194 62464
50194 65024
50194 65060
50194 61844
50194 63282
50194 54784
50194 65024
50194 62810
50194 50944
50194 51712
50194 56832
50194 65024
50194 52224
50194 53539
50194 61440
50194 59904
50194 65024
50194 65024
50194 51456
50194 65024
50194 62241
50194 63744
50194 53601
50194 50432
50194 52736
50194 55550
50194 56574
50194 53991
50194 50488
50194 63998
50194 62630
50194 62806
50194 63744
50194 53760
50194 55363
50194 55493
50194 59904
50194 52224
50194 59419
50194 55552
50194 65024
50194 50688
50194 56576
50194 53968
50194 54137
50194 52480
50194 65079
50194 54016
50194 60928
50194 63214
50194 65074
50194 65032
50194 65024
50194 62227
50194 65024
50194 65246
50194 65196
50194 52480
50194 54270
50194 65024
50194 65208
50194 65024
50194 60414
50194 65024
50194 52992
50194 50944
50194 63488
50194 51194
50194 65278
50194 52992
50194 58112
50194 63744
50194 51456
50194 50944
50194 54415
50194 54235
50194 52487
50194 53504
50194 60672
50194 54528
50194 57296
50194 65255
50194 56064
50194 51498
50194 57054
50194 60460
50194 65061
50194 65024
50194 65024
50194 62532
50194 60416
50194 58128
50194 53256
50194 59690
50194 56574
50194 63570
50194 65236
50194 50390
50194 65224
50194 64254
50194 65024
50194 61451
50194 51968
50194 58232
50194 57600
50194 59584
50194 51246
50194 65024
50194 65237
50194 55040
50194 57856
50194 65218
50194 57600
50194 52736
50194 51206
50194 50432
50194 51712
50194 64312
50194 50432
50194 65088
50194 55296
50194 59961
50194 65044
50194 58513
50194 65190
50194 65265
50194 62845
50194 64000
50194 60672
50194 50430
50194 59904
50194 56318
50194 51292
50194 56576
50194 65024
50194 65041
50194 63742
50194 64510
50194 62464
50194 65024
50194 52309
50194 56832
50194 58112
50194 51527
50194 65104
50194 65024
50194 56576
50194 63488
50194 65024
50194 52450
50194 59904
50194 59392
50194 55040
50194 65223
50194 61184
50194 62983
50194 51143
50194 65161
50194 51916
50194 65144
50194 53440
50194 52190
50194 52992
50194 51705
50194 65106
50194 51710
50194 60008
50194 53504
50194 54016
50194 54016
50194 56320
50194 56574
50194 58366
50194 55552
50194 65024
50194 60521
50194 61950
50194 57922
50194 58624
50194 51968
50194 54016
50194 65024
50194 65024
50194 65024
50194 54045
50194 64256
50194 61184
50194 60416
50194 53248
50194 53596
50194 65274
50194 51968
50194 63744
50194 59238
50194 65199
50194 56490
50194 65024
50194 65024
50194 65129
50194 65024
50194 53698
50194 61952
50194 59413
50194 57182
50194 65224
50194 58112
50194 59136
50194 62720
50194 65024
50194 62691
50194 50942
50194 52222
50194 52734
50194 58112
50194 54528
50194 65024
50194 65024
50194 62718
50194 59136
50194 65024
50194 57273
50194 51915
50194 62976
50194 59427
50194 65024
50194 57858
50194 50944
50194 54272
50194 50520
50194 65250
50194 56064
50194 65173
50194 65081
50194 65024
50194 52992
50194 65024
50194 53382
50194 61085
50194 50741
50194 61184
50194 65219
50194 59392
50194 61696
50194 65024
50194 65189
50194 61937
50194 65024
50194 51712
50194 61440
50194 63022
50194 62208
50194 65024
50194 61184
50194 53043
50194 50944
50194 65024
50194 52224
50194 65024
50194 58880
50194 64168
50194 60918
50194 61696
50194 57600
50194 52874
50194 61967
50194 57812
50194 65024
50194 61723
50194 65024
50194 56320
50194 59392
50194 57215
50194 65271
50194 61696
50194 63811
50194 65024
50194 57469
50194 56224
50194 65070
50194 59872
50194 52992
50194 65149
50194 65251
50194 65024
50194 53182
50194 54359
50194 57856
50194 63744
50194 52734
50194 57600
50194 59904
50194 56830
50194 63522
50194 59902
50194 50771
50194 64254
50194 57088
50194 65135
50194 57623
50194 63232
50194 65024
50194 53248
50194 57344
50194 60221
50194 61151
50194 59904
50194 62418
50194 65253
50194 59530
50194 63835
50194 55825
50194 55138
50194 52224
50194 65085
50194 65024
50194 57935
50194 53425
50194 65024
50194 55552
50194 62208
50194 65024
50194 55296
50194 50432
50194 58888
50194 62720
50194 57780
50194 62464
50194 63488
50194 65024
50194 59648
50194 59326
50194 65024
50194 57271
50194 61716
50194 57359
50194 51710
50194 52478
50194 54526
50194 62273
50194 65055
50194 62611
50194 58112
50194 52230
50194 65248
50194 52736
50194 65221
50194 64279
50194 58121
50194 58212
50194 63486
50194 63742
50194 65057
50194 65534
50194 56832
50194 60143
50194 61440
50194 65105
50194 65024
50194 62464
50194 56589
50194 65024
50194 53760
50194 63488
50194 50233
50194 63671
50194 52670
50194 55552
50194 56832
50194 59032
50194 59904
50194 50688
50194 65260
50194 65024
50194 55808
50194 65024
50194 65024
50194 64000
50194 55040
50194 64163
50194 65024
50194 65049
50194 65024
50194 65192
50194 65024
50194 55830
50194 65215
50194 51200
50194 65090
50194 50734
50194 63232
50194 53248
50194 63744
50194 54782
50194 55294
50194 60233
50194 65024
50194 65024
50194 58622
50194 60654
50194 64169
50194 59272
50194 65024
50194 64189
50194 54016
50194 58436
50194 57074
50194 54272
50194 57576
50194 63232
50194 60160
50194 60416
50194 65024
50194 57040
50194 59904
50194 65024
50194 55296
50194 61440
50194 58028
50194 65024
50194 52992
50194 65024
50194 57121
50194 52992
50194 51454
50194 65266
50194 54014
50194 65076
50194 53760
50194 56830
50194 57086
50194 59390
50194 60670
50194 61182
50194 65155
50194 65024
50194 65073
50194 65024
50194 58434
50194 57088
50194 58335
50194 65188
50194 52127
50194 65024
50194 65024
50194 58078
50194 54016
50194 61696
50194 56452
50194 61696
50194 60928
50194 65024
50194 65024
50194 61606
50194 65109
50194 50421
50194 65175
50194 65024
50194 65024
50194 65260
50194 64059
50194 65024
50194 65024
50194 53246
50194 65274
50194 64000
50194 56062
50194 65024
50194 57854
50194 59904
50194 65152
50194 60926
50194 62208
50194 60141
50194 58120
50194 65278
50194 65213
50194 65223
50194 52736
50194 60672
50194 60160
50194 62212
50194 61899
50194 63744
50194 65141
50194 54784
50194 65034
50194 65042
50194 63442
50194 65024
50194 51712
50194 51933
50194 51456
50194 65228
50194 65024
50194 51539
50194 58387
50194 58734
50194 50311
50194 59012
50194 51198
50194 57079
50194 65227
50194 65024
50194 57854
50194 65234
50194 51968
50194 65024
50194 62153
50194 65534
50194 51968
50194 65024
50194 54373
50194 61912
50194 56576
50194 53020
50194 65024
50194 65235
50194 54016
50194 62499
50194 52830
50194 52736
50194 54601
50194 65024
50194 65024
50194 65024
50194 65024
50194 50688
50194 52216
50194 65072
50194 65176
50194 65265
50194 58577
50194 56062
50194 54272
50194 64000
50194 59134
50194 65024
50194 58624
50194 60160
50194 65024
50194 62720
50194 64510
50194 51456
50194 65274
50194 51635
50194 53504
50194 61184
50194 65024
50194 53672
50194 53139
50194 57344
50194 56832
50194 65024
50194 54186
50194 52245
50194 65024
50194 54272
50194 50538
50194 52224
50194 65024
50194 61696
50194 56344
50194 65263
50194 56985
50194 52411
50194 51710
50194 65024
50194 65125
50194 55550
50194 56832
50194 50944
50194 64418
50194 54528
50194 65029
50194 62324
50194 63462
50194 65024
50194 65024
50194 65227
50194 54272
50194 55216
50194 65024
50194 65263
50194 54528
50194 52804
50194 51200
50194 64208
50194 65024
50194 57642
50194 65268
50194 65024
50194 52589
50194 60928
50194 65024
50194 55500
50194 65024
50194 65053
50194 51386
50194 60672
50194 65024
50194 61879
50194 53465
50194 54333
50194 57736
50194 61184
50194 54014
50194 65024
50194 59503
50194 65024
50194 65245
50194 59244
50194 62102
50194 61950
50194 61405
50194 65024
50194 63998
50194 64766
50194 61952
50194 50301
50194 59136
50194 65024
50194 65197
50194 53760
50194 56526
50194 60672
50194 65033
50194 65088
50194 50968
50194 62208
50194 65153
50194 58382
50194 65104
50194 54016
50194 51200
50194 57031
50194 58668
50194 50688
50194 65247
50194 58598
50194 54942
50194 53686
50194 55641
50194 59392
50194 56756
50194 65134
50194 54014
50194 55038
50194 65024
50194 60041
50194 65024
50194 63355
50194 55698
50194 63232
50194 54272
50194 60231
50194 65163
50194 65208
50194 64256
50194 65024
50194 58368
50194 53504
50194 59392
50194 65128
50194 65024
50194 65192
50194 65048
50194 52562
50194 63944
50194 65024
50194 57724
50194 55040
50194 50690
50194 64256
50194 63488
50194 50944
50194 50194
50194 58819
50194 57177
50194 65024
50194 65024
50194 50432
50194 51200
50194 65024
50194 62649
50194 56832
50194 53760
50194 55314
50194 65225
50194 54270
50194 51968
50194 55294
50194 60928
50194 59159
50194 60611
50194 65104
50194 65038
50194 65024
50194 50363
50194 65024
50194 65087
50194 65024
50194 63854
50194 65024
50194 65024
50194 52344
50194 50432
50194 65271
50194 57344
50194 64256
50194 59944
50194 61952
50194 59904
50194 52736
50194 52464
50194 65176
50194 52224
50194 63136
50194 65024
50194 59904
50194 56576
50194 50745
50194 65128
50194 56576
50194 50432
50194 64000
50194 50944
50194 58880
50194 52222
50194 55808
50194 54784
50194 65024
50194 65024
50194 63995
50194 62158
50194 65230
50194 65024
50194 51200
50194 64256
50194 65116
50194 55552
50194 63296
50194 59448
50194 54151
50194 65024
50194 55870
50194 53760
50194 62208
50194 60928
50194 65232
50194 59740
50194 65024
50194 55482
50194 60329
50194 65024
50194 52291
50194 52760
50194 60836
50194 51454
50194 55103
50194 65024
50194 65204
50194 59904
50194 65024
50194 65024
50194 59392
50194 61512
50194 59334
50194 60928
50194 51959
50194 52737
50194 54396
50194 51360
50194 56064
50194 54272
50194 60073
50194 60627
50194 65024
50194 53504
50194 50944
50194 65024
50194 50695
50194 57856
50194 65269
50194 58880
50194 56576
50194 54016
50194 53760
50194 50430
50194 54378
50194 59136
50194 65059
50194 58624
50194 53248
50194 65068
50194 57898
50194 64510
50194 53504
50194 61100
50194 58880
50194 60128
50194 65024
50194 50688
50194 62720
50194 65146
50194 52480
50194 60160
50194 55808
50194 51456
50194 52736
50194 60439
50194 61590
50194 65024
50194 54272
50194 65243
50194 65094
50194 55040
50194 60467
50194 63488
50194 65104
50194 59238
50194 56048
50194 65024
50194 50686
50194 65024
50194 54055
50194 63232
50194 57342
50194 62462
50194 65024
50194 65024
50194 58749
50194 65024
50194 52736
50194 55040
50194 60672
50194 63744
50194 65154
50194 62976
50194 50926
50194 65144
50194 50432
50194 65024
50194 53504
50194 65154
50194 54016
50194 56547
50194 63744
50194 62976
50194 64180
50194 65075
50194 56538
50194 65212
50194 62208
50194 50686
50194 65024
50194 53758
50194 55294
50194 62976
50194 55808
50194 56832
50194 58368
50194 61184
50194 61953
50194 55808
50194 53248
50194 65093
50194 65024
50194 65024
50194 55040
50194 51361
50194 54272
50194 62782
50194 61696
50194 65024
50194 60928
50194 65260
50194 50652
50194 65024
50194 58112
50194 61265
50194 51188
50194 58133
50194 53248
50194 55608
50194 56576
50194 56064
50194 54528
50194 54528
50194 58880
50194 53246
50194 63488
50194 53504
50194 57918
50194 58622
50194 52239
50194 64766
50194 65122
50194 65220
50194 51574
50194 55808
50194 55296
50194 58655
50194 65176
50194 52950
50194 52372
50194 60160
50194 65024
50194 65047
50194 53108
50194 55040
50194 59136
50194 65024
50194 62123
50194 65024
50194 64450
50194 55552
50194 65024
50194 61440
50194 58368
50194 55776
50194 56102
50194 52224
50194 55722
50194 56640
50194 63232
50194 55296
50194 50688
50194 54016
50194 50430
50194 53367
50194 51198
50194 58112
50194 52639
50194 54014
50194 61440
50194 65024
50194 55550
50194 56064
50194 58366
50194 59902
50194 60670
50194 61182
50194 52541
50194 58115
50194 65260
50194 62208
50194 60490
50194 65160
50194 53760
50194 65181
50194 60928
50194 54597
50194 65024
50194 65024
50194 57822
50194 65024
50194 60416
50194 60672
50194 58880
50194 65272
50194 51712
50194 50688
50194 65033
50194 65024
50194 53560
50194 65024
50194 59904
50194 62208
50194 54790
50194 60672
50194 65024
50194 55510
50194 53015
50194 65245
50194 61440
50194 65129
50194 60416
50194 55076
50194 62462
50194 65024
50194 64254
50194 55040
50194 58961
50194 64101
50194 58478
50194 62625
50194 59142
50194 64256
50194 65024
50194 62660
50194 65024
50194 51456
50194 54528
50194 65024
50194 60147
50194 58624
50194 65266
50194 63232
50194 57344
50194 59474
50194 61184
50194 61440
50194 65181
50194 57600
50194 54974
50194 64000
50194 58880
50194 65024
50194 63240
50194 62976
50194 54272
50194 53248
50194 65237
50194 58880
50194 50942
50194 52736
50194 56062
50194 62208
50194 62464
50194 64254
50194 50944
50194 64766
50194 65235
50194 61184
50194 65149
50194 65024
50194 52992
50194 62208
50194 62720
50194 57856
50194 65024
50194 65080
50194 58624
50194 65146
50194 59289
50194 59332
50194 62208
50194 65090
50194 65024
50194 55040
50194 65072
50194 60928
50194 58526
50194 65024
50194 62002
50194 53504
50194 57076
50194 62293
50194 65201
50194 56202
50194 65024
50194 60107
50194 65089
50194 59648
50194 52438
50194 58624
50194 65024
50194 63232
50194 54736
50194 65251
50194 58962
50194 60187
50194 57176
50194 61184
50194 63998
50194 65029
50194 53248
50194 56815
50194 65089
50194 61788
50194 65185
50194 54016
50194 65202
50194 65024
50194 50944
50194 64193
50194 63201
50194 60065
50194 56320
50194 56681
50194 65024
50194 57050
50194 65024
50194 65057
50194 55296
50194 63488
50194 58624
50194 55552
50194 61434
50194 57154
50194 56832
50194 57600
50194 52992
50194 60928
50194 50686
50194 54784
50194 53712
50194 52990
50194 65078
50194 53655
50194 59648
50194 52224
50194 65140
50194 65232
50194 65024
50194 65178
50194 63998
50194 64254
50194 50378
50194 65158
50194 63024
50194 65122
50194 57045
50194 65024
50194 59392
50194 65188
50194 65124
50194 57011
50194 55933
50194 56832
50194 51968
50194 65162
50194 55296
50194 60113
50194 51448
50194 64256
50194 65024
50194 53248
50194 65024
50194 65165
50194 57600
50194 54528
50194 65062
50194 51665
50194 52294
50194 62974
50194 61226
50194 65209
50194 55396
50194 55040
50194 61937
50194 50432
50194 51563
50194 65024
50194 57870
50194 56320
50194 58112
50194 65137
50194 63291
50194 65168
50194 65024
50194 65024
50194 52480
50194 65096
50194 65024
50194 65024
50194 58220
50194 65076
50194 65190
50194 65246
50194 65024
50194 65041
50194 53483
50194 65024
50194 57706
50194 52914
50194 51456
50194 52478
50194 58946
50194 55550
50194 55806
50194 65201
50194 63232
50194 59390
50194 61182
50194 59112
50194 64510
50194 51624
50194 63744
50194 65024
50194 64306
50194 65024
50194 50432
50194 61696
50194 59260
50194 65178
50194 65066
50194 52992
50194 65024
50194 65024
50194 59136
50194 65024
50194 52347
50194 65024
50194 50688
50194 65223
50194 63359
50194 59260
50194 58060
50194 65036
50194 65024
50194 50688
50194 53754
50194 52734
50194 65218
50194 65024
50194 56062
50194 56830
50194 57342
50194 65024
50194 56064
50194 61765
50194 62206
50194 64098
50194 65079
50194 64432
50194 50226
50194 65024
50194 52736
50194 55206
50194 65024
50194 65060
50194 56320
50194 58112
50194 60352
50194 53508
50194 65024
50194 62464
50194 65024
50194 55423
50194 65194
50194 65219
50194 54784
50194 62351
50194 59136
50194 61399
50194 62464
50194 60416
50194 64000
50194 65226
50194 65024
50194 60672
50194 65024
50194 50688
50194 56064
50194 51200
50194 56318
50194 65024
50194 57854
50194 58622
50194 59136
50194 55588
50194 54016
50194 59436
50194 50944
50194 50396
50194 65024
50194 65100
50194 60571
50194 50680
50194 65024
50194 65024
50194 51456
50194 61696
50194 65024
50194 56819
50194 55588
50194 65154
50194 62720
50194 50427
50194 56320
50194 65024
50194 65024
50194 59648
50194 53264
50194 62208
50194 65206
50194 55296
50194 65092
50194 65238
50194 56832
50194 50688
50194 52992
50194 63129
50194 61633
50194 50942
50194 57344
50194 54526
50194 56056
50194 57217
50194 63232
50194 56830
50194 61184
50194 58112
50194 61438
50194 65062
50194 62206
50194 65119
50194 60091
50194 64000
50194 65024
50194 53248
50194 65024
50194 53504
50194 58861
50194 63744
50194 55552
50194 56264
50194 58370
50194 55519
50194 57088
50194 53248
50194 60094
50194 65024
50194 60308
50194 55040
50194 51822
50194 55261
50194 65024
50194 62507
50194 65024
50194 62009
50194 58624
50194 55552
50194 51456
50194 58929
50194 52992
50194 56064
50194 65024
50194 65185
50194 50544
50194 59261
50194 62945
50194 50748
50194 65024
50194 65232
50194 65125
50194 51655
50194 54968
50194 65024
50194 65036
50194 65045
50194 59442
50194 65024
50194 65024
50194 50756
50194 61227
50194 54784
50194 65048
50194 61184
50194 55296
50194 65178
50194 65024
50194 65024
50194 50944
50194 51968
50194 55808
50194 65043
50194 56064
50194 58112
50194 51981
50194 52992
50194 55076
50194 65069
50194 57088
50194 56064
50194 62976
50194 62319
50194 65201
50194 51456
50194 65024
50194 58929
50194 56064
50194 60416
50194 54272
50194 55550
50194 65024
50194 65032
50194 65024
50194 61438
50194 51456
50194 58112
50194 51574
50194 51439
50194 65278
50194 55119
50194 53596
50194 65249
50194 59136
50194 60928
50194 65024
50194 57856
50194 65149
50194 65093
50194 60394
50194 65024
50194 53760
50194 54991
50194 56064
50194 59065
50194 62315
50194 55552
50194 65024
50194 65108
50194 65024
50194 62756
50194 51220
50194 65024
50194 53181
50194 60160
50194 60928
50194 51309
50194 54526
50194 54782
50194 51424
50194 57598
50194 55552
50194 58622
50194 55103
50194 51200
50194 65132
50194 65068
50194 56064
50194 61257
50194 59648
50194 57739
50194 53248
50194 54644
50194 65066
50194 64181
50194 52480
50194 65024
50194 56597
50194 62976
50194 65061
50194 64027
50194 56620
50194 62464
50194 65234
50194 65249
50194 61289
50194 52430
50194 65079
50194 65156
50194 63232
50194 65212
50194 52736
50194 65024
50194 51456
50194 61182
50194 62720
50194 65045
50194 63486
50194 64766
50194 65236
50194 50506
50194 51526
50194 65024
50194 65024
50194 60366
50194 57344
50194 56832
50194 64256
50194 62238
50194 51712
50194 57947
50194 57758
50194 57663
50194 63476
50194 51968
50194 65024
50194 59904
50194 65075
50194 52993
50194 65024
50194 65222
50194 56300
50194 57088
50194 60293
50194 50432
50194 65024
50194 60160
50194 50861
50194 54666
50194 65110
50194 65024
50194 59648
50194 60158
50194 65024
50194 60670
50194 64361
50194 65119
50194 62720
50194 60672
50194 65024
50194 65024
50194 57630
50194 51016
50194 54016
50194 57496
50194 59546
50194 52136
50194 65272
50194 62076
50194 64340
50194 65024
50194 65024
50194 63754
50194 59749
50194 60672
50194 54290
50194 65183
50194 64413
50194 54016
50194 65024
50194 56094
50194 57344
50194 56064
50194 58821
50194 65024
50194 60928
50194 60160
50194 51394
50194 60762
50194 58112
50194 61760
50194 51712
50194 58880
50194 65024
50194 65265
50194 51176
50194 53128
50194 61735
50194 65024
50194 62462
50194 63230
50194 63998
50194 65024
50194 65024
50194 59013
50194 61433
50194 62891
50194 65027
50194 56392
50194 61184
50194 61440
50194 58880
50194 51476
50194 65024
50194 65181
50194 65024
50194 62202
50194 55808
50194 65234
50194 55074
50194 65024
50194 59082
50194 65024
50194 53804
50194 65275
50194 65135
50194 55880
50194 65024
50194 61184
50194 65272
50194 53936
50194 54270
50194 55294
50194 65024
50194 58717
50194 56320
50194 59648
50194 60416
50194 50432
50194 65024
50194 60416
50194 57856
50194 59136
50194 61729
50194 65247
50194 59580
50194 63984
50194 55400
50194 62464
50194 65153
50194 52644
50194 61440
50194 52224
50194 65155
50194 51968
50194 53760
50194 65178
50194 65024
50194 65024
50194 65241
50194 52480
50194 52990
50194 53246
50194 65241
50194 54782
50194 65130
50194 59904
50194 65121
50194 53760
50194 65024
50194 65089
50194 65205
50194 62464
50194 50432
50194 55040
50194 51456
50194 52053
50194 65024
50194 65184
50194 63488
50194 52736
50194 57105
50194 56016
50194 65024
50194 65024
50194 56832
50194 61041
50194 65164
50194 65199
50194 61215
50194 65040
50194 61952
50194 52480
50194 60928
50194 65051
50194 50292
50194 50432
50194 60926
50194 65115
50194 63855
50194 54272
50194 65024
50194 64256
50194 65272
50194 52480
50194 65024
50194 55296
50194 54002
50194 55885
50194 53199
50194 65143
50194 65151
50194 63461
50194 53125
50194 59648
50194 64313
50194 56679
50194 55990
50194 55296
50194 65133
50194 59029
50194 55040
50194 51968
50194 52990
50194 55741
50194 65175
50194 62208
50194 56576
50194 50719
50194 60928
50194 60670
50194 55808
50194 65278
50194 64159
50194 56064
50194 55701
50194 57600
50194 55296
50194 65024
50194 51200
50194 65024
50194 65024
50194 62976
50194 62361
50194 65024
50194 56377
50194 61952
50194 65220
50194 63232
50194 50610
50194 65068
50194 65024
50194 58066
50194 56064
50194 65024
50194 65097
50194 65210
50194 61157
50194 65024
50194 65024
50194 65086
50194 65126
50194 58112
50194 65024
50194 57837
50194 52478
50194 58448
50194 60928
50194 57648
50194 59291
50194 62720
50194 65024
50194 65024
50194 64014
50194 50553
50194 50643
50194 58368
50194 62696
50194 58624
50194 65149
50194 61872
50194 56064
50194 60416
50194 51924
50194 59534
50194 65057
50194 51608
50194 58880
50194 65024
50194 52484
50194 65024
50194 61184
50194 61791
50194 65275
50194 65274
50194 62976
50194 56320
50194 65051
50194 60160
50194 65024
50194 54784
50194 65024
50194 61440
50194 62631
50194 65215
50194 53175
50194 65024
50194 52222
50194 55806
50194 56318
50194 65024
50194 65024
50194 63488
50194 65024
50194 65272
50194 64263
50194 53637
50194 65162
50194 59741
50194 57344
50194 65224
50194 65278
50194 61440
50194 65024
50194 58112
50194 59136
50194 55090
50194 61645
50194 56064
50194 55834
50194 58112
50194 59863
50194 60416
50194 50665
50194 57508
50194 50770
50194 52355
50194 63781
50194 52717
50194 61250
50194 65024
50194 65201
50194 59070
50194 63994
50194 62839
50194 58140
50194 65024
50194 57080
50194 58334
50194 63744
50194 58112
50194 55443
50194 50944
50194 65024
50194 65206
50194 53411
50194 63744
50194 56830
50194 57854
50194 65024
50194 57856
50194 57344
50194 54100
50194 52992
50194 51456
50194 51456
50194 51183
50194 52992
50194 58848
50194 58996
50194 65024
50194 63232
50194 65024
50194 59904
50194 59904
50194 62393
50194 65271
50194 65122
50194 59982
50194 61294
50194 65060
50194 65176
50194 65024
50194 65024
50194 53444
50194 60074
50194 52306
50194 65024
50194 65024
50194 63320
50194 52197
50194 65029
50194 61184
50194 59668
50194 58366
50194 58206
50194 60414
50194 61694
50194 51968
50194 65166
50194 65214
50194 51712
50194 59392
50194 65188
50194 51226
50194 53760
50194 59648
50194 65024
50194 55296
50194 65224
50194 57109
50194 60672
50194 65222
50194 65109
50194 64414
50194 65024
50194 53248
50194 59451
50194 58252
50194 65024
50194 64000
50194 65077
50194 60672
50194 62214
50194 65038
50194 52222
50194 65024
50194 62824
50194 65024
50194 65031
50194 58110
50194 57600
50194 65197
50194 65024
50194 52992
50194 65125
50194 65024
50194 65224
50194 65024
50194 58112
50194 65190
50194 65024
50194 50944
50194 57856
50194 59136
50194 55317
50194 59648
50194 64357
50194 64454
50194 65163
50194 58880
50194 56571
50194 50268
50194 52548
50194 63000
50194 63744
50194 52052
50194 65042
50194 53207
50194 52687
50194 65060
50194 57088
50194 63744
50194 65024
50194 65024
50194 64478
50194 65149
50194 54016
50194 62464
50194 64142
50194 53841
50194 59572
50194 65265
50194 51198
50194 58624
50194 56832
50194 60926
50194 61694
50194 52224
50194 52480
50194 58624
50194 61440
50194 65221
50194 65052
50194 55296
50194 59152
50194 51456
50194 62976
50194 54272
50194 54029
50194 63488
50194 65024
50194 65024
50194 65274
50194 65024
50194 62065
50194 65104
50194 65024
50194 65266
50194 56320
50194 65093
50194 52381
50194 50981
50194 57363
50194 57129
50194 65024
50194 63744
50194 51347
50194 60158
50194 65024
50194 64368
50194 65024
50194 65278
50194 58411
50194 59689
50194 65042
50194 60928
50194 59648
50194 62127
50194 65153
50194 61433
50194 65024
50194 50394
50194 62011
50194 65024
50194 57156
50194 65233
50194 60135
50194 52114
50194 51200
50194 65024
50194 65024
50194 58568
50194 56994
50194 61994
50194 55034
50194 55366
50194 51568
50194 65274
50194 65043
50194 65031
50194 65024
50194 53248
50194 65161
50194 59648
50194 65179
50194 63128
50194 65211
50194 52867
50194 65243
50194 59875
50194 64256
50194 62718
50194 65024
50194 65097
50194 50502
50194 62646
50194 65183
50194 50944
50194 65149
50194 54706
50194 58368
50194 51968
50194 65024
50194 63744
50194 58346
50194 57344
50194 59648
50194 55545
50194 52480
50194 65207
50194 65024
50194 61952
50194 65133
50194 61557
50194 60441
50194 55288
50194 59904
50194 65269
50194 65024
50194 65024
50194 56320
50194 65240
50194 65236
50194 56724
50194 55881
50194 52632
50194 51427
50194 65262
50194 56830
50194 65024
50194 59390
50194 65534
50194 54016
50194 65174
50194 59648
50194 55552
50194 51265
50194 56370
50194 50944
50194 51712
50194 65152
50194 60928
50194 65024
50194 54016
50194 52480
50194 65024
50194 65097
50194 61855
50194 65043
50194 65041
50194 56485
50194 65024
50194 65024
50194 59431
50194 62976
50194 65244
50194 62421
50194 50736
50194 65026
50194 62208
50194 52992
50194 65187
50194 65127
50194 55296
50194 54180
50194 54170
50194 54016
50194 65024
50194 65186
50194 56064
50194 63784
50194 65085
50194 65024
50194 54014
50194 54526
50194 56320
50194 65024
50194 52820
50194 60414
50194 53248
50194 58624
50194 62720
50194 50411
50194 59904
50194 56710
50194 54528
50194 65268
50194 65024
50194 58880
50194 65215
50194 56844
50194 65082
50194 65024
50194 65024
50194 52708
50194 65117
50194 51456
50194 58880
50194 65024
50194 65024
50194 52051
50194 65211
50194 55942
50194 59648
50194 65130
50194 65245
50194 60683
50194 54272
50194 65024
50194 54270
50194 56830
50194 50712
50194 58366
50194 58880
50194 65024
50194 60158
50194 61952
50194 52480
50194 64766
50194 65278
50194 65024
50194 60405
50194 62934
50194 54023
50194 61696
50194 65024
50194 53720
50194 65130
50194 60275
50194 65024
50194 64360
50194 57483
50194 58880
50194 52516
50194 50688
50194 63744
50194 62976
50194 65024
50194 52226
50194 63812
50194 65065
50194 65127
50194 57592
50194 54016
50194 60672
50194 52224
50194 65024
50194 60672
50194 51454
50194 65199
50194 54014
50194 55294
50194 62782
50194 58878
50194 51014
50194 59646
50194 65052
50194 65275
50194 65024
50194 65084
50194 65024
50194 53760
50194 63638
50194 53760
50194 51343
50194 65177
50194 56320
50194 52480
50194 65261
50194 65145
50194 65024
50194 57600
50194 50654
50194 65237
50194 64256
50194 65113
50194 52224
50194 65024
50194 63542
50194 65206
50194 65024
50194 63156
50194 55296
50194 63332
50194 52224
50194 54267
50194 65024
50194 55806
50194 58112
50194 54296
50194 65220
50194 56451
50194 65176
50194 65024
50194 62462
50194 52480
50194 50688
50194 63998
50194 59170
50194 52736
50194 65143
50194 60928
50194 60416
50194 65024
50194 50717
50194 55533
50194 50407
50194 58624
50194 56245
50194 65191
50194 61293
50194 65024
50194 57856
50194 52992
50194 55162
50194 65024
50194 52921
50194 52480
50194 55808
50194 60416
50194 55040
50194 65024
50194 65024
50194 53609
50194 53504
50194 52450
50194 58624
50194 61442
50194 64284
50194 58624
50194 60672
50194 65024
50194 65024
50194 60160
50194 52191
50194 51351
50194 54313
50194 55296
50194 56308
50194 56574
50194 50944
50194 63036
50194 65024
50194 64766
50194 65189
50194 60442
50194 60801
50194 53760
50194 51178
50194 61465
50194 65024
50194 58368
50194 64000
50194 50714
50194 65029
50194 65024
50194 55040
50194 65024
50194 65157
50194 65024
50194 59563
50194 60672
50194 64256
50194 54784
50194 59491
50194 54272
50194 65024
50194 60160
50194 60672
50194 65024
50194 65182
50194 60672
50194 54526
50194 54782
50194 56574
50194 65024
50194 62208
50194 56480
50194 52565
50194 64001
50194 61381
50194 51506
50194 61694
50194 54016
50194 65147
50194 63998
50194 58880
50194 61952
50194 55808
50194 54079
50194 51743
50194 52544
50194 65150
50194 57088
50194 53760
50194 54373
50194 52286
50194 65024
50194 55358
50194 52736
50194 52153
50194 65024
50194 53775
50194 51456
50194 53248
50194 65024
50194 65024
50194 65024
50194 65024
50194 57608
50194 54169
50194 60303
50194 57344
50194 53391
50194 56320
50194 64254
50194 65186
50194 55110
50194 61952
50194 65024
50194 65198
50194 55040
50194 53864
50194 54016
50194 65188
50194 65024
50194 50944
50194 65101
50194 50248
50194 55509
50194 65024
50194 63758
50194 61952
50194 59847
50194 65024
50194 56651
50194 61440
50194 62594
50194 65165
50194 65024
50194 57263
50194 59904
50194 65024
50194 65272
50194 55808
50194 65024
50194 65212
50194 57966
50194 50944
50194 65024
50194 65046
50194 64158
50194 64000
50194 60672
50194 65024
50194 54270
50194 55038
50194 60160
50194 65232
50194 65024
50194 65024
50194 59390
50194 51911
50194 53760
50194 65109
50194 65024
50194 50432
50194 65250
50194 61184
50194 65143
50194 65024
50194 65041
50194 53736
50194 59782
50194 58461
50194 65024
50194 52992
50194 65024
50194 65024
50194 52082
50194 53248
50194 52201
50194 51712
50194 61229
50194 65156
50194 65024
50194 62976
50194 51710
50194 59354
50194 65024
50194 51392
50194 60570
50194 56021
50194 65215
50194 58672
50194 57520
50194 65260
50194 58624
50194 59648
50194 55040
50194 54384
50194 63232
50194 55593
50194 65190
50194 56871
50194 62621
50194 65024
50194 65024
50194 64256
50194 55552
50194 60928
50194 57856
50194 65024
50194 61440
50194 52224
50194 58912
50194 60515
50194 65046
50194 65191
50194 51310
50194 62856
50194 51456
50194 54784
50194 62591
50194 59814
50194 59904
50194 57598
50194 55040
50194 65024
50194 59134
50194 63468
50194 60414
50194 65210
50194 61735
50194 63230
50194 65229
50194 50688
50194 65241
50194 65026
50194 59136
50194 65024
50194 53248
50194 51029
50194 65130
50194 53248
50194 64163
50194 54925
50194 55043
50194 51176
50194 55034
50194 52992
50194 52736
50194 55544
50194 50874
50194 61440
50194 64316
50194 65155
50194 65148
50194 54253
50194 55552
50194 54016
50194 53248
50194 60672
50194 65024
50194 58368
50194 65024
50194 65160
50194 58458
50194 54267
50194 65024
50194 65030
50194 54014
50194 65024
50194 60831
50194 65087
50194 60416
50194 65214
50194 63230
50194 63486
50194 55296
50194 65024
50194 52806
50194 58443
50194 55899
50194 57704
50194 65024
50194 65024
50194 56064
50194 65024
50194 60928
50194 65110
50194 65054
50194 65024
50194 65027
50194 60928
50194 61801
50194 55040
50194 65244
50194 63744
50194 65024
50194 52300
50194 56362
50194 62208
50194 65064
50194 50697
50194 54014
50194 65024
50194 58398
50194 57344
50194 65024
50194 56064
50194 64256
50194 57856
50194 65024
50194 53019
50194 65024
50194 58136
50194 51063
50194 56320
50194 65024
50194 53248
50194 65072
50194 58381
50194 56064
50194 65136
50194 60928
50194 51200
50194 64032
50194 60160
50194 52930
50194 65183
50194 54272
50194 60746
50194 52224
50194 56832
50194 50688
50194 65024
50194 58880
50194 65239
50194 62264
50194 65105
50194 65024
50194 59392
50194 57275
50194 61696
50194 51898
50194 62464
50194 54272
50194 65024
50194 60672
50194 56603
50194 60899
50194 61440
50194 63232
50194 65170
50194 56064
50194 57200
50194 52736
50194 57088
50194 57856
50194 60101
50194 65024
50194 52835
50194 58368
50194 65141
50194 58041
50194 53672
50194 65168
50194 65024
50194 61058
50194 56832
50194 53504
50194 57344
50194 62464
50194 65171
50194 51074
50194 51710
50194 65110
50194 59648
50194 60124
50194 65024
50194 55552
50194 65095
50194 56290
50194 55296
50194 52736
50194 60153
50194 57799
50194 65024
50194 62720
50194 65230
50194 54272
50194 65026
50194 65024
50194 52385
50194 58112
50194 54951
50194 60286
50194 63245
50194 65024
50194 65024
50194 53504
50194 54784
50194 62976
50194 59748
50194 59392
50194 58480
50194 64234
50194 51712
50194 51345
50194 52775
50194 65024
50194 60672
50194 64286
50194 56574
50194 65024
50194 63314
50194 55667
50194 57600
50194 55545
50194 62974
50194 65213
50194 50432
50194 54182
50194 55182
50194 65216
50194 65024
50194 65024
50194 64189
50194 65024
50194 62720
50194 58368
50194 60416
50194 65198
50194 54591
50194 50432
50194 65024
50194 51176
50194 63272
50194 62888
50194 61790
50194 65140
50194 53248
50194 65024
50194 64256
50194 63681
50194 50430
50194 50471
50194 65131
50194 65024
50194 54270
50194 63184
50194 50432
50194 65126
50194 65024
50194 65080
50194 62462
50194 64254
50194 65024
50194 57344
50194 52992
50194 65211
50194 65024
50194 58624
50194 65024
50194 61808
50194 65024
50194 65071
50194 57251
50194 65024
50194 58112
50194 65024
50194 65024
50194 55808
50194 65143
50194 57344
50194 54221
50194 65024
50194 54528
50194 53504
50194 54016
50194 50944
50194 61440
50194 57088
50194 65024
50194 62503
50194 65024
50194 64000
50194 54784
50194 52990
50194 65024
50194 65024
50194 59600
50194 63232
50194 57344
50194 65029
50194 61950
50194 52366
50194 54784
50194 63961
50194 65071
50194 65212
50194 53441
50194 58245
50194 65060
50194 62808
50194 63302
50194 55040
50194 65169
50194 65182
50194 61184
50194 65024
50194 50432
50194 65024
50194 61184
50194 53973
50194 65024
50194 51712
50194 58264
50194 65024
50194 58852
50194 58516
50194 60416
50194 60672
50194 65024
50194 65024
50194 53758
50194 54782
50194 58624
50194 52992
50194 62720
50194 56672
50194 51456
50194 61696
50194 56832
50194 65024
50194 51984
50194 65190
50194 56290
50194 58482
50194 61952
50194 65024
50194 59136
50194 52992
50194 60620
50194 62208
50194 65024
50194 65064
50194 52480
50194 65024
50194 54460
50194 65024
50194 62976
50194 50944
50194 65181
50194 65207
50194 58264
50194 62134
50194 65151
50194 64086
50194 53330
50194 50688
50194 64398
50194 65024
50194 55827
50194 51968
50194 62464
50194 50998
50194 54704
50194 63232
50194 63766
50194 56832
50194 65024
50194 65028
50194 56832
50194 63488
50194 57344
50194 58338
50194 51968
50194 51712
50194 65104
50194 53937
50194 57600
50194 55808
50194 65239
50194 53246
50194 61184
50194 64115
50194 61443
50194 56830
50194 58373
50194 65024
50194 52736
50194 59136
50194 57088
50194 65024
50194 65024
50194 65024
50194 65024
50194 65024
50194 62720
50194 65024
50194 50944
50194 65130
50194 63232
50194 65257
50194 56576
50194 55040
50194 65024
50194 50580
50194 54733
50194 55040
50194 65268
50194 50445
50194 62145
50194 53504
50194 61440
50194 50688
50194 56064
50194 56953
50194 65024
50194 50686
50194 62464
50194 53758
50194 56619
50194 56932
50194 65024
50194 65024
50194 60926
50194 61438
50194 53248
50194 59258
50194 59392
50194 65175
50194 57344
50194 61952
50194 55552
50194 61184
50194 58016
50194 63232
50194 65141
50194 65024
50194 62464
50194 54760
50194 54016
50194 62260
50194 63032
50194 59392
50194 57344
50194 65040
50194 61554
50194 65024
50194 57344
50194 65107
50194 57871
50194 65177
50194 52224
50194 65171
50194 59904
50194 63744
50194 65024
50194 51966
50194 60365
50194 58592
50194 55550
50194 62464
50194 58110
50194 60414
50194 65024
50194 61182
50194 62718
50194 63230
50194 65055
50194 63886
50194 62976
50194 53760
50194 54528
50194 64000
50194 65192
50194 65089
50194 53458
50194 55847
50194 65024
50194 55431
50194 51165
50194 65173
50194 50838
50194 59392
50194 65024
50194 65190
50194 54274
50194 65235
50194 53454
50194 65105
50194 65222
50194 50432
50194 56935
50194 61086
50194 57687
50194 65066
50194 56320
50194 65024
50194 65024
50194 65227
50194 65024
50194 65036
50194 63488
50194 65056
50194 61438
50194 65262
50194 58390
50194 51712
50194 65024
50194 55808
50194 65078
50194 57856
50194 63488
50194 51968
50194 65024
50194 65123
50194 61076
50194 61962
50194 58880
50194 65056
50194 64362
50194 65110
50194 65261
50194 51456
50194 65024
50194 53504
50194 51070
50194 62720
50194 63066
50194 50432
50194 65068
50194 54784
50194 63488
50194 52480
50194 65024
50194 59904
50194 65024
50194 65041
50194 58516
50194 65024
50194 65037
50194 56832
50194 60416
50194 65270
50194 65155
50194 65026
50194 54270
50194 59136
50194 63515
50194 63930
50194 58622
50194 59902
50194 65042
50194 62462
50194 51235
50194 62974
50194 64254
50194 55808
50194 65024
50194 61171
50194 55296
50194 51200
50194 65024
50194 52308
50194 62923
50194 52332
50194 65097
50194 65040
50194 65203
50194 61748
50194 61052
50194 61440
50194 54272
50194 58355
50194 54502
50194 62683
50194 57344
50194 61540
50194 55057
50194 59450
50194 65154
50194 54618
50194 56318
50194 51712
50194 57854
50194 62768
50194 53311
50194 59902
50194 54550
50194 61438
50194 65024
50194 65138
50194 51456
50194 56320
50194 57803
50194 54963
50194 61071
50194 59291
50194 65125
50194 51712
50194 53499
50194 65085
50194 65199
50194 65024
50194 65217
50194 60160
50194 65024
50194 65024
50194 65248
50194 58056
50194 65024
50194 65041
50194 65024
50194 65024
50194 63232
50194 52209
50194 55558
50194 57816
50194 58366
50194 63232
50194 65077
50194 62206
50194 51968
50194 62974
50194 65024
50194 51636
50194 63232
50194 54292
50194 61184
50194 64000
50194 54885
50194 58601
50194 56832
50194 51968
50194 60007
50194 65024
50194 55112
50194 55799
50194 65024
50194 53248
50194 62702
50194 65130
50194 56064
50194 65068
50194 50942
50194 54794
50194 53758
50194 56318
50194 65059
50194 57000
50194 59461
50194 51634
50194 65142
50194 61505
50194 52736
50194 57456
50194 54768
50194 60672
50194 58880
50194 62464
50194 57413
50194 55153
50194 61184
50194 51200
50194 59648
50194 58952
50194 65024
50194 54016
50194 65024
50194 65241
50194 63744
50194 50215
50194 51968
50194 56832
50194 65024
50194 53248
50194 52389
50194 59597
50194 55550
50194 65024
50194 57854
50194 52689
50194 59392
50194 65024
50194 55296
50194 63742
50194 65278
50194 56320
50194 54272
50194 57600
50194 55169
50194 65024
50194 58301
50194 56363
50194 50944
50194 59136
50194 65024
50194 60672
50194 65254
50194 57344
50194 51712
50194 65024
50194 54234
50194 53248
50194 54293
50194 65024
50194 62836
50194 65024
50194 56576
50194 57277
50194 65025
50194 57014
50194 61226
50194 65240
50194 58658
50194 51966
50194 60817
50194 65244
50194 61205
50194 55296
50194 65024
50194 65024
50194 65024
50194 63486
50194 59904
50194 62969
50194 50672
50194 52224
50194 65203
50194 65216
50194 53504
50194 56576
50194 63744
50194 65024
50194 65274
50194 65045
50194 50688
50194 64256
50194 63078
50194 65024
50194 63553
50194 57638
50194 52224
50194 54644
50194 53248
50194 52186
50194 63488
50194 61671
50194 65024
50194 59648
50194 50432
50194 65209
50194 51743
50194 55069
50194 51198
50194 52990
50194 54526
50194 57342
50194 62426
50194 57600
50194 64510
50194 61696
50194 65211
50194 57344
50194 51995
50194 65113
50194 65104
50194 52224
50194 57600
50194 56926
50194 65123
50194 65065
50194 61564
50194 53760
50194 60416
50194 56320
50194 65244
50194 64000
50194 65024
50194 65024
50194 65025
50194 65024
50194 65236
50194 56832
50194 51456
50194 56832
50194 64000
50194 52480
50194 65024
50194 65149
50194 55296
50194 65046
50194 65024
50194 64256
50194 65261
50194 53502
50194 65024
50194 57600
50194 58865
50194 65127
50194 65082
50194 59392
50194 64510
50194 65244
50194 53760
50194 65260
50194 62720
50194 52480
50194 55808
50194 57600
50194 65186
50194 65240
50194 65159
50194 56576
50194 65222
50194 55552
50194 54365
50194 56832
50194 65024
50194 65205
50194 65024
50194 64488
50194 62720
50194 65189
50194 65024
50194 65024
50194 53760
50194 65204
50194 55040
50194 62976
50194 55552
50194 63232
50194 63744
50194 63744
50194 57424
50194 56320
50194 65024
50194 65024
50194 62041
50194 59904
50194 53502
50194 54386
50194 62339
50194 59576
50194 65024
50194 65031
50194 65024
50194 59470
50194 54528
50194 65024
50194 54528
50194 65024
50194 50724
50194 65225
50194 56832
50194 64000
50194 52778
50194 60715
50194 65151
50194 60754
50194 59136
50194 62160
50194 65085
50194 65044
50194 65024
50194 65272
50194 56916
50194 61696
50194 60416
50194 51968
50194 54016
50194 55040
50194 59648
50194 56064
50194 65059
50194 65189
50194 57878
50194 52736
50194 53504
50194 58013
50194 60416
50194 65024
50194 63870
50194 54272
50194 65184
50194 54549
50194 50432
50194 62193
50194 52480
50194 52992
50194 65131
50194 57598
50194 58622
50194 52835
50194 55808
50194 64510
50194 53248
50194 61136
50194 59847
50194 61696
50194 65024
50194 65048
50194 60501
50194 55808
50194 62475
50194 60160
50194 50688
50194 56761
50194 65065
50194 63488
50194 55296
50194 59136
50194 56064
50194 60416
50194 65024
50194 65227
50194 57088
50194 63862
50194 60044
50194 60928
50194 61432
50194 50714
50194 60894
50194 63153
50194 65024
50194 65024
50194 52981
50194 56064
50194 60416
50194 53760
50194 64000
50194 65144
50194 65024
50194 52222
50194 65107
50194 57647
50194 65162
50194 59134
50194 65210
50194 51502
50194 65024
50194 50688
50194 65024
50194 57344
50194 65073
50194 57088
50194 51493
50194 54016
50194 61184
50194 50207
50194 65024
50194 61586
50194 50720
50194 61696
50194 55552
50194 62552
50194 55138
50194 54528
50194 65024
50194 60251
50194 64000
50194 59904
50194 61624
50194 59904
50194 64256
50194 65212
50194 51968
50194 65220
50194 60928
50194 65082
50194 65025
50194 58368
50194 63844
50194 57600
50194 53248
50194 65024
50194 61696
50194 65024
50194 56516
50194 59134
50194 59390
50194 60928
50194 50432
50194 52992
50194 52777
50194 65120
50194 65024
50194 57856
50194 51756
50194 62976
50194 52480
50194 56722
50194 51200
50194 62976
50194 62409
50194 65024
50194 64000
50194 65172
50194 65024
50194 60416
50194 59648
50194 54784
50194 58282
50194 60885
50194 59375
50194 56601
50194 65147
50194 65229
50194 58374
50194 51968
50194 61177
50194 64396
50194 54270
50194 52831
50194 65024
50194 58091
50194 52224
50194 65024
50194 61182
50194 51712
50194 63742
50194 61273
50194 65189
50194 53949
50194 60665
50194 55657
50194 50688
50194 65145
50194 65272
50194 53248
50194 50688
50194 54016
50194 52480
50194 56194
50194 55820
50194 57593
50194 65226
50194 65024
50194 65212
50194 62720
50194 65187
50194 52432
50194 54528
50194 65024
50194 65248
50194 57856
50194 65024
50194 61403
50194 55552
50194 57856
50194 51454
50194 56306
50194 65194
50194 59904
50194 65024
50194 65040
50194 65141
50194 65251
50194 53751
50194 65024
50194 55040
50194 63232
50194 54528
50194 65193
50194 60928
50194 64434
50194 63342
50194 61696
50194 65093
50194 52606
50194 53390
50194 56832
50194 65175
50194 51574
50194 55568
50194 65155
50194 55744
50194 62824
50194 50688
50194 59392
50194 65242
50194 50432
50194 57088
50194 50315
50194 52224
50194 65049
50194 51454
50194 65063
50194 55038
50194 57344
50194 50369
50194 65078
50194 56830
50194 57854
50194 57310
50194 57600
50194 60926
50194 63944
50194 62462
50194 55808
50194 64766
50194 65092
50194 61026
50194 62550
50194 52033
50194 54445
50194 55856
50194 53504
50194 65024
50194 62208
50194 65024
50194 65024
50194 55808
50194 65038
50194 55022
50194 64079
50194 65024
50194 65024
50194 64256
50194 53248
50194 65024
50194 56832
50194 52736
50194 65126
50194 65124
50194 57344
50194 65270
50194 65193
50194 58880
50194 57120
50194 55040
50194 65024
50194 65024
50194 51251
50194 52688
50194 56517
50194 50238
50194 59341
50194 65024
50194 65024
50194 53700
50194 65024
50194 65078
50194 65024
50194 59136
50194 63134
50194 52478
50194 53502
50194 54014
50194 61184
50194 62208
50194 58110
50194 53408
50194 60962
50194 59390
50194 65024
50194 65222
50194 58819
50194 58650
50194 65225
50194 65024
50194 65024
50194 54272
50194 65266
50194 51657
50194 55040
50194 65025
50194 61184
50194 60905
50194 65024
50194 62892
50194 54272
50194 62361
50194 52736
50194 65024
50194 65256
50194 62464
50194 65024
50194 65222
50194 65134
50194 65024
50194 51456
50194 58552
50194 50432
50194 65197
50194 65239
50194 55552
50194 51658
50194 65024
50194 51968
50194 58366
50194 51989
50194 50259
50194 54214
50194 65024
50194 61309
50194 64259
50194 57856
50194 65024
50194 61988
50194 65024
50194 61460
50194 63232
50194 65024
50194 52736
50194 65024
50194 61696
50194 65119
50194 50821
50194 54016
50194 65024
50194 55848
50194 65246
50194 55514
50194 50806
50194 65024
50194 53502
50194 52224
50194 54467
50194 62720
50194 58366
50194 63480
50194 57856
50194 64256
50194 57220
50194 65024
50194 65200
50194 59906
50194 51712
50194 65024
50194 55827
50194 61696
50194 57630
50194 53248
50194 65024
50194 64000
50194 56690
50194 65190
50194 53885
50194 55808
50194 65024
50194 56064
50194 58624
50194 65024
50194 65024
50194 63488
50194 65225
50194 62448
50194 65110
50194 65053
50194 57957
50194 65178
50194 52992
50194 64128
50194 59904
50194 50904
50194 54908
50194 57600
50194 56832
50194 64271
50194 51037
50194 58878
50194 53582
50194 65024
50194 65188
50194 60926
50194 65024
50194 61498
50194 50328
50194 54784
50194 56669
50194 60120
50194 52224
50194 60080
50194 54784
50194 56345
50194 55070
50194 65193
50194 59331
50194 51048
50194 58562
50194 54272
50194 55552
50194 56576
50194 63234
50194 62720
50194 65132
50194 62976
50194 63429
50194 59012
50194 53183
50194 51710
50194 52222
50194 57856
50194 65024
50194 54782
50194 55294
50194 57856
50194 56755
50194 54016
50194 54528
50194 55040
50194 60670
50194 53722
50194 61694
50194 64254
50194 53988
50194 65024
50194 65024
50194 64256
50194 63418
50194 65024
50194 64256
50194 50869
50194 57935
50194 52480
50194 61184
50194 51003
50194 59310
50194 56320
50194 52055
50194 62208
50194 61440
50194 50521
50194 61293
50194 50595
50194 62208
50194 58708
50194 54784
50194 61029
50194 65057
50194 65024
50194 62720
50194 65269
50194 59585
50194 65263
50194 60928
50194 58780
50194 65024
50194 58880
50194 61696
50194 54151
50194 56064
50194 56364
50194 65024
50194 65024
50194 65232
50194 65138
50194 60672
50194 51968
50194 65191
50194 58486
50194 52736
50194 59904
50194 65092
50194 54784
50194 54382
50194 65089
50194 65204
50194 60472
50194 63372
50194 59648
50194 65024
50194 65024
50194 65057
50194 63374
50194 61554
50194 55798
50194 55287
50194 61868
50194 62254
50194 60626
50194 65183
50194 61952
50194 65024
50194 65237
50194 51480
50194 62976
50194 52285
50194 56318
50194 64097
50194 65024
50194 63230
50194 53248
50194 64510
50194 65135
50194 62976
50194 61249
50194 57614
50194 58112
50194 59648
50194 62311
50194 65137
50194 65041
50194 53248
50194 56758
50194 55450
50194 62208
50194 57392
50194 53760
50194 65191
50194 63432
50194 51044
50194 59332
50194 65046
50194 65206
50194 54016
50194 64331
50194 65228
50194 54907
50194 51676
50194 65044
50194 51888
50194 65024
50194 65024
50194 65150
50194 52905
50194 54270
50194 56830
50194 65024
50194 62250
50194 65024
50194 62720
50194 65024
50194 65204
50194 54162
50194 57203
50194 53248
50194 59229
50194 65033
50194 54607
50194 57600
50194 65024
50194 56454
50194 52224
50194 58864
50194 60794
50194 65024
50194 59520
50194 55040
50194 65271
50194 63488
50194 60431
50194 56102
50194 65024
50194 63528
50194 60227
50194 56285
50194 65170
50194 50432
50194 65207
50194 65193
50194 53307
50194 65083
50194 65172
50194 54272
50194 54784
50194 54270
50194 65024
50194 58366
50194 59646
50194 60158
50194 60414
50194 55325
50194 59392
50194 62718
50194 64254
50194 62464
50194 63744
50194 65024
50194 62593
50194 60672
50194 65024
50194 65024
50194 52224
50194 65191
50194 65024
50194 65024
50194 65170
50194 61184
50194 65024
50194 56564
50194 60928
50194 52992
50194 65024
50194 59392
50194 61184
50194 65220
50194 55911
50194 59621
50194 62720
50194 65210
50194 52224
50194 60047
50194 65024
50194 65024
50194 65241
50194 61184
50194 65231
50194 53760
50194 58112
50194 65024
50194 61440
50194 55808
50194 60926
50194 52480
50194 58423
50194 63230
50194 65024
50194 65158
50194 60928
50194 54528
50194 65024
50194 60416
50194 58624
50194 62464
50194 59190
50194 65191
50194 60416
50194 51968
50194 60928
50194 65215
50194 53862
50194 63148
50194 56190
50194 65233
50194 65163
50194 60115
50194 55789
50194 57088
50194 56446
50194 53504
50194 52736
50194 60416
50194 63488
50194 58499
50194 55678
50194 65024
50194 62852
50194 65082
50194 62208
50194 65024
50194 63821
50194 63744
50194 54782
50194 65024
50194 54169
50194 60926
50194 58467
50194 58033
50194 65024
50194 65024
50194 55808
50194 65024
50194 57602
50194 58368
50194 55993
50194 55091
50194 57344
50194 56832
50194 58112
50194 57856
50194 54272
50194 65103
50194 54129
50194 59648
50194 65024
50194 58624
50194 52480
50194 62168
50194 58112
50194 51456
50194 63954
50194 56320
50194 55823
50194 58628
50194 61184
50194 65024
50194 64256
50194 59303
50194 65024
50194 57344
50194 57856
50194 57088
50194 65107
50194 52736
50194 54954
50194 51570
50194 55128
50194 65223
50194 53941
50194 57854
50194 58878
50194 65137
50194 62877
50194 55808
50194 65252
50194 53760
50194 58624
50194 52736
50194 65099
50194 65138
50194 65024
50194 57344
50194 59707
50194 65072
50194 56804
50194 65024
50194 52224
50194 65024
50194 57600
50194 65024
50194 65024
50194 56064
50194 65188
50194 51811
50194 54796
50194 61400
50194 57113
50194 65197
50194 65024
50194 50214
50194 65024
50194 65092
50194 65140
50194 65080
50194 53119
50194 54528
50194 65024
50194 50855
50194 64271
50194 51102
50194 65024
50194 51712
50194 59648
50194 65024
50194 57917
50194 60866
50194 51710
50194 55820
50194 50238
50194 55294
50194 55550
50194 60155
50194 63616
50194 56574
50194 65271
50194 56576
50194 60843
50194 50844
50194 55040
50194 51456
50194 61629
50194 65196
50194 63138
50194 62333
50194 59648
50194 64025
50194 50944
50194 53248
50194 54299
50194 65024
50194 54528
50194 65024
50194 50211
50194 64158
50194 60928
50194 53481
50194 65214
50194 65024
50194 65024
50194 65024
50194 65024
50194 60928
50194 61696
50194 55745
50194 58554
50194 62720
50194 65024
50194 53246
50194 65024
50194 65024
50194 55294
50194 56318
50194 60990
50194 58878
50194 64000
50194 62974
50194 50785
50194 60416
50194 58391
50194 62437
50194 50688
50194 65080
50194 60624
50194 65024
50194 65024
50194 51968
50194 65091
50194 64005
50194 65024
50194 64206
50194 65265
50194 53747
50194 62377
50194 51638
50194 58843
50194 57344
50194 57891
50194 65177
50194 65112
50194 55808
50194 58624
50194 50631
50194 60672
50194 57911
50194 65024
50194 56318
50194 56576
50194 65024
50194 64256
50194 60926
50194 61440
50194 62462
50194 65024
50194 63230
50194 51443
50194 63488
50194 54528
50194 64471
50194 63750
50194 59136
50194 60928
50194 65038
50194 59904
50194 53718
50194 65199
50194 65024
50194 65024
50194 65041
50194 54016
50194 65024
50194 58368
50194 52224
50194 65024
50194 65106
50194 65196
50194 62550
50194 65170
50194 63744
50194 63488
50194 53504
50194 65024
50194 65024
50194 65102
50194 65123
50194 65136
50194 65107
50194 51966
50194 52478
50194 56583
50194 56832
50194 63488
50194 65116
50194 65024
50194 65105
50194 65273
50194 63230
50194 58368
50194 60672
50194 56646
50194 65274
50194 54026
50194 57344
50194 57856
50194 57718
50194 58112
50194 62976
50194 59195
50194 65024
50194 62720
50194 56481
50194 65197
50194 53116
50194 63488
50194 56576
50194 58368
50194 54016
50194 65024
50194 65024
50194 65024
50194 65134
50194 64000
50194 61465
50194 65024
50194 51456
50194 61969
50194 65125
50194 60795
50194 60672
50194 57890
50194 51844
50194 65024
50194 65177
50194 57856
50194 65024
50194 65205
50194 65024
50194 54092
50194 65024
50194 53758
50194 64000
50194 52658
50194 59646
50194 59904
50194 58895
50194 62720
50194 65268
50194 59136
50194 57344
50194 65024
50194 54199
50194 53439
50194 58368
50194 65024
50194 65024
50194 51262
50194 65024
50194 51200
50194 60672
50194 55296
50194 62720
50194 58368
50194 58624
50194 65024
50194 57344
50194 65024
50194 50374
50194 55296
50194 60416
50194 52480
50194 50944
50194 53504
50194 50686
50194 60317
50194 52734
50194 59407
50194 56096
50194 57342
50194 52852
50194 57494
50194 63230
50194 63486
50194 65095
50194 52939
50194 60850
50194 50688
50194 65024
50194 52315
50194 53504
50194 65024
50194 52992
50194 65024
50194 65024
50194 55021
50194 61716
50194 59548
50194 52386
50194 56971
50194 65237
50194 58112
50194 59392
50194 65024
50194 52992
50194 65164
50194 51289
50194 65069
50194 58112
50194 63090
50194 57830
50194 56830
50194 52224
50194 58543
50194 62234
50194 59646
50194 65024
50194 62206
50194 62974
50194 64243
50194 56419
50194 65024
50194 65024
50194 65106
50194 60902
50194 65134
50194 56576
50194 58624
50194 65024
50194 65024
50194 65227
50194 64373
50194 60160
50194 59904
50194 57280
50194 65166
50194 55506
50194 64256
50194 56576
50194 59136
50194 57088
50194 58624
50194 52992
50194 52124
50194 65181
50194 55808
50194 52703
50194 52360
50194 65155
50194 51361
50194 52224
50194 53504
50194 50430
50194 65024
50194 65177
50194 65024
50194 56576
50194 55550
50194 57088
50194 65024
50194 56064
50194 55040
50194 59902
50194 62208
50194 65024
50194 50688
50194 64766
50194 55882
50194 63488
50194 52779
50194 60160
50194 65024
50194 54784
50194 63232
50194 65024
50194 62208
50194 65024
50194 62088
50194 54272
50194 53166
50194 65060
50194 63488
50194 55568
50194 64256
50194 52276
50194 58112
50194 65024
50194 62464
50194 65126
50194 65084
50194 52224
50194 56834
50194 61952
50194 54309
50194 52992
50194 54784
50194 53504
50194 55032
50194 54270
50194 65207
50194 65086
50194 62462
50194 65024
50194 54528
50194 58112
50194 52480
50194 60160
50194 65231
50194 65024
50194 62710
50194 61706
50194 64256
50194 62208
50194 61952
50194 57914
50194 65046
50194 54513
50194 58880
50194 65024
50194 62464
50194 65142
50194 51554
50194 54016
50194 65024
50194 65060
50194 65024
50194 65265
50194 51012
50194 56610
50194 65240
50194 51198
50194 52430
50194 55560
50194 57342
50194 51712
50194 65024
50194 63488
50194 58368
50194 65024
50194 55935
50194 64510
50194 55679
50194 65189
50194 57344
50194 56530
50194 57600
50194 57029
50194 64000
50194 63302
50194 56006
50194 59136
50194 59136
50194 53504
50194 52526
50194 52997
50194 65024
50194 53635
50194 54528
50194 65131
50194 65050
50194 61952
50194 52480
50194 61440
50194 65135
50194 65024
50194 65024
50194 58878
50194 57600
50194 59648
50194 65024
50194 51968
50194 50688
50194 65150
50194 60672
50194 60433
50194 50432
50194 59933
50194 52224
50194 65236
50194 55552
50194 65024
50194 57600
50194 51456
50194 61440
50194 61952
50194 61696
50194 65024
50194 54423
50194 51712
50194 54528
50194 56832
50194 52567
50194 65024
50194 65024
50194 51712
50194 61416
50194 62953
50194 55296
50194 52992
50194 58502
50194 65024
50194 65024
50194 65141
50194 57856
50194 54526
50194 62464
50194 61438
50194 65024
50194 55928
50194 58256
50194 65024
50194 51456
50194 60706
50194 62502
50194 65096
50194 53606
50194 65024
50194 63639
50194 58880
50194 53751
50194 65097
50194 65024
50194 57088
50194 55193
50194 65247
50194 65182
50194 54272
50194 65024
50194 61952
50194 65068
50194 63853
50194 65198
50194 56706
50194 58447
50194 65152
50194 57231
50194 65024
50194 59184
50194 56320
50194 56576
50194 57744
50194 57423
50194 50688
50194 65024
50194 56576
50194 65228
50194 57874
50194 65024
50194 54272
50194 62976
50194 50432
50194 53760
50194 65105
50194 62208
50194 65024
50194 56576
50194 53760
50194 62809
50194 65024
50194 65128
50194 63488
50194 59509
50194 56576
50194 60360
50194 50528
50194 58715
50194 56320
50194 65071
50194 57964
50194 50432
50194 55451
50194 65030
50194 56557
50194 63744
50194 50686
50194 59136
50194 65159
50194 51966
50194 62374
50194 65088
50194 50540
50194 55552
50194 60080
50194 65231
50194 54016
50194 52838
50194 55245
50194 63998
50194 56584
50194 65174
50194 57473
50194 54784
50194 65153
50194 61394
50194 60416
50194 55808
50194 56832
50194 52480
50194 65024
50194 65024
50194 53309
50194 55372
50194 65024
50194 53974
50194 55222
50194 62208
50194 56064
50194 58556
50194 59648
50194 54784
50194 52224
50194 54014
50194 54526
50194 54782
50194 65024
50194 56832
50194 59134
50194 65024
50194 60414
50194 51193
50194 64510
50194 50313
50194 65024
50194 51918
50194 61696
50194 51200
50194 65049
50194 58112
50194 65024
50194 62905
50194 65112
50194 57600
50194 59648
50194 65090
50194 56064
50194 50962
50194 65145
50194 65086
50194 55688
50194 63570
50194 65024
50194 65024
50194 65232
50194 65131
50194 54529
50194 65079
50194 65024
50194 61854
50194 65024
50194 60798
50194 62860
50194 64256
50194 64256
50194 64256
50194 54322
50194 60928
50194 53504
50194 65024
50194 58366
50194 59392
50194 65024
50194 61950
50194 65024
50194 64256
50194 53504
50194 65024
50194 60687
50194 62086
50194 65024
50194 53785
50194 65037
50194 56832
50194 65024
50194 61204
50194 53760
50194 60928
50194 65024
50194 62720
50194 65273
50194 55904
50194 51542
50194 53504
50194 63006
50194 59839
50194 65044
50194 65024
50194 63744
50194 59904
50194 59392
50194 58112
50194 61182
50194 61438
50194 61184
50194 63230
50194 53689
50194 50379
50194 65209
50194 65024
50194 65157
50194 65024
50194 60160
50194 65024
50194 60672
50194 52224
50194 65112
50194 65024
50194 65236
50194 65190
50194 56495
50194 51712
50194 63339
50194 53760
50194 63295
50194 63213
50194 65024
50194 56094
50194 65024
50194 63232
50194 62006
50194 61952
50194 65222
50194 54782
50194 65100
50194 58880
50194 65102
50194 62206
50194 63486
50194 63149
50194 56576
50194 50938
50194 65024
50194 65263
50194 61184
50194 65041
50194 50468
50194 57600
50194 51968
50194 65024
50194 56320
50194 55296
50194 52736
50194 62976
50194 65235
50194 62464
50194 65165
50194 65024
50194 53530
50194 56602
50194 55552
50194 51456
50194 56576
50194 65037
50194 56185
50194 65024
50194 56064
50194 54016
50194 51456
50194 55606
50194 52992
50194 60160
50194 53057
50194 60158
50194 65024
50194 65089
50194 54528
50194 53504
50194 65024
50194 58988
50194 56064
50194 65234
50194 50944
50194 51914
50194 65121
50194 65220
50194 54727
50194 61440
50194 63488
50194 52736
50194 65112
50194 61696
50194 65024
50194 65024
50194 65246
50194 53248
50194 62208
50194 52736
50194 62976
50194 57600
50194 65082
50194 59667
50194 65089
50194 50432
50194 60160
50194 53676
50194 60870
50194 55552
50194 60672
50194 56668
50194 65024
50194 50432
50194 58930
50194 57191
50194 65210
50194 65024
50194 58457
50194 58326
50194 65534
50194 60303
50194 60416
50194 50905
50194 63232
50194 51704
50194 65024
50194 57740
50194 58880
50194 65024
50194 65024
50194 63744
50194 65150
50194 56726
50194 50739
50194 56087
50194 60928
50194 65024
50194 65214
50194 51068
50194 61479
50194 53248
50194 64256
50194 59904
50194 65210
50194 65091
50194 57856
50194 51628
50194 65267
50194 60582
50194 65096
50194 52203
50194 63744
50194 57255
50194 62976
50194 65024
50194 63488
50194 63392
50194 58368
50194 52910
50194 58112
50194 62976
50194 58878
50194 59282
50194 52199
50194 56320
50194 65024
50194 62464
50194 62720
50194 57158
50194 65024
50194 56320
50194 65209
50194 65024
50194 61696
50194 59392
50194 65272
50194 62976
50194 57642
50194 61952
50194 64256
50194 65215
50194 65024
50194 65024
50194 56320
50194 59129
50194 60928
50194 65024
50194 57088
50194 65144
50194 56579
50194 50955
50194 65024
50194 65123
50194 65024
50194 52992
50194 50686
50194 61455
50194 59019
50194 52478
50194 51456
50194 56318
50194 57086
50194 57598
50194 57856
50194 65024
50194 50432
50194 62720
50194 54784
50194 65024
50194 65269
50194 65024
50194 65024
50194 65024
50194 51402
50194 60416
50194 54356
50194 53891
50194 65147
50194 51983
50194 65024
50194 62976
50194 54272
50194 60416
50194 65024
50194 54528
50194 52736
50194 62720
50194 53760
50194 65024
50194 54000
50194 53821
50194 65274
50194 65189
50194 51968
50194 52224
50194 54528
50194 54069
50194 64359
50194 63333
50194 52685
50194 50688
50194 53416
50194 63337
50194 54014
50194 65104
50194 54272
50194 57342
50194 65024
50194 56908
50194 56576
50194 62206
50194 65534
50194 55558
50194 65024
50194 63744
50194 53760
50194 51456
50194 64301
50194 62954
50194 55040
50194 60160
50194 65024
50194 64000
50194 62976
50194 51716
50194 65024
50194 65225
50194 51183
50194 60928
50194 59392
50194 65259
50194 65272
50194 52480
50194 65063
50194 53529
50194 51712
50194 59904
50194 50944
50194 65024
50194 50942
50194 58112
50194 65024
50194 60928
50194 65024
50194 58878
50194 65155
50194 65140
50194 59335
50194 62736
50194 63998
50194 62976
50194 50688
50194 62464
50194 65034
50194 59003
50194 65123
50194 65041
50194 65158
50194 65075
50194 62464
50194 58368
50194 54784
50194 56064
50194 58348
50194 53504
50194 57225
50194 53760
50194 65024
50194 64256
50194 58880
50194 61696
50194 65052
50194 60461
50194 54016
50194 65207
50194 65161
50194 65024
50194 65226
50194 53758
50194 62923
50194 50944
50194 65024
50194 58922
50194 57854
50194 65024
50194 51333
50194 57969
50194 61182
50194 61438
50194 60160
50194 63486
50194 63742
50194 63998
50194 64192
50194 62976
50194 65024
50194 61440
50194 55143
50194 65024
50194 65024
50194 53504
50194 50432
50194 65081
50194 64171
50194 65024
50194 65024
50194 52263
50194 59544
50194 59089
50194 65233
50194 62976
50194 60756
50194 57088
50194 63744
50194 54272
50194 65024
50194 62350
50194 63232
50194 65249
50194 56809
50194 54978
50194 65024
50194 65168
50194 51200
50194 58736
50194 65024
50194 65096
50194 62464
50194 52990
50194 65024
50194 55498
50194 54526
50194 52736
50194 50945
50194 65024
50194 58880
50194 52661
50194 60608
50194 61184
50194 61406
50194 54003
50194 65116
50194 58368
50194 64197
50194 56576
50194 65024
50194 65024
50194 57856
50194 62421
50194 65024
50194 57166
50194 65024
50194 63744
50194 51460
50194 61696
50194 65024
50194 56832
50194 55040
50194 52048
50194 65024
50194 52480
50194 62464
50194 65109
50194 61696
50194 65024
50194 60416
50194 65087
50194 53248
50194 56830
50194 57342
50194 65235
50194 55552
50194 51590
50194 50280
50194 59528
50194 65104
50194 65114
50194 65082
50194 54974
50194 51222
50194 56430
50194 65242
50194 65024
50194 65024
50194 53946
50194 52992
50194 60160
50194 65024
50194 65024
50194 65024
50194 54595
50194 54935
50194 53504
50194 65027
50194 61184
50194 50333
50194 65049
50194 52734
50194 53502
50194 65024
50194 57086
50194 52626
50194 59134
50194 59904
50194 63279
50194 64254
50194 65022
50194 57856
50194 52480
50194 59136
50194 65115
50194 60645
50194 65158
50194 60416
50194 65024
50194 54272
50194 52202
50194 59277
50194 54016
50194 58880
50194 61831
50194 62058
50194 51897
50194 62208
50194 65024
50194 60050
50194 58522
50194 65024
50194 61696
50194 51813
50194 65024
50194 50944
50194 53758
50194 65024
50194 55808
50194 65024
50194 51200
50194 55395
50194 62149
50194 64256
50194 51581
50194 53842
50194 65534
50194 52224
50194 65024
50194 55092
50194 63222
50194 56576
50194 60160
50194 51601
50194 65024
50194 64207
50194 59392
50194 65024
50194 50944
50194 65205
50194 65024
50194 56838
50194 50749
50194 65024
50194 54610
50194 54784
50194 55808
50194 65024
50194 62208
50194 57600
50194 59136
50194 50432
50194 56997
50194 59183
50194 54439
50194 65024
50194 65136
50194 58337
50194 64322
50194 53213
50194 65024
50194 50667
50194 58878
50194 50917
50194 53248
50194 62720
50194 53055
50194 65024
50194 63458
50194 65151
50194 51712
50194 56976
50194 53504
50194 65024
50194 51324
50194 52335
50194 53248
50194 60033
50194 65186
50194 61440
50194 60833
50194 54016
50194 52736
50194 52281
50194 58368
50194 58624
50194 52992
50194 65024
50194 63041
50194 56832
50194 65118
50194 57643
50194 54897
50194 52774
50194 60160
50194 51200
50194 65040
50194 63232
50194 55149
50194 53639
50194 50430
50194 51710
50194 52478
50194 60160
50194 62517
50194 65221
50194 56062
50194 57086
50194 55165
50194 57598
50194 58624
50194 59134
50194 57088
50194 52480
50194 63488
50194 63488
50194 61694
50194 58586
50194 65262
50194 62805
50194 55640
50194 53760
50194 51348
50194 62093
50194 65238
50194 60862
50194 62976
50194 56320
50194 54528
50194 50852
50194 54223
50194 62076
50194 50568
50194 65132
50194 50688
50194 65024
50194 65208
50194 65264
50194 57856
50194 65121
50194 63115
50194 65024
50194 65024
50194 53246
50194 50944
50194 59392
50194 58110
50194 62976
50194 58714
50194 50432
50194 62206
50194 57344
50194 64055
50194 50757
50194 60537
50194 65079
50194 65060
50194 65024
50194 54580
50194 65024
50194 59648
50194 65024
50194 54985
50194 65060
50194 59648
50194 62159
50194 50256
50194 55296
50194 61786
50194 56832
50194 65024
50194 65024
50194 51966
50194 65024
50194 64256
50194 65079
50194 58622
50194 60908
50194 52992
50194 58880
50194 63232
50194 65248
50194 56312
50194 65024
50194 65024
50194 65024
50194 57856
50194 60378
50194 55296
50194 62464
50194 65024
50194 65024
50194 65049
50194 63659
50194 65071
50194 57281
50194 53504
50194 65130
50194 55307
50194 65024
50194 65195
50194 50944
50194 58112
50194 54682
50194 51456
50194 65210
50194 54868
50194 62633
50194 57600
50194 60672
50194 65024
50194 57088
50194 55737
50194 53760
50194 65024
50194 57654
50194 65263
50194 65024
50194 65083
50194 56487
50194 59586
50194 54784
50194 56062
50194 65138
50194 65036
50194 63329
50194 59134
50194 60414
50194 57344
50194 61950
50194 65022
50194 65024
50194 53971
50194 57088
50194 61184
50194 65024
50194 59648
50194 55040
50194 54847
50194 65024
50194 52224
50194 64000
50194 63809
50194 58518
50194 53898
50194 65024
50194 53580
50194 53504
50194 60928
50194 55552
50194 59387
50194 65235
50194 55403
50194 65024
50194 63287
50194 51206
50194 65024
50194 50944
50194 50686
50194 65025
50194 51454
50194 65106
50194 58110
50194 56454
50194 56377
50194 60414
50194 60926
50194 62206
50194 53504
50194 61127
50194 65024
50194 65024
50194 65024
50194 51712
50194 50944
50194 60416
50194 65024
50194 65055
50194 55552
50194 59861
50194 50690
50194 55808
50194 65151
50194 65024
50194 61079
50194 65024
50194 55552
50194 60747
50194 60672
50194 65024
50194 65024
50194 65024
50194 50455
50194 56320
50194 64256
50194 65229
50194 56064
50194 50432
50194 50511
50194 65024
50194 54208
50194 65024
50194 58110
50194 65190
50194 62974
50194 64254
50194 61440
50194 60160
50194 50403
50194 51769
50194 65024
50194 65233
50194 65024
50194 57088
50194 56832
50194 58302
50194 65204
50194 65024
50194 59866
50194 52550
50194 58340
50194 57856
50194 56832
50194 62976
50194 58701
50194 60431
50194 57484
50194 65024
50194 53504
50194 65024
50194 63488
50194 65085
50194 65037
50194 65173
50194 53572
50194 61755
50194 57010
50194 54327
50194 60160
50194 65024
50194 57342
50194 51968
50194 58110
50194 59390
50194 65024
50194 63531
50194 52654
50194 59089
50194 52664
50194 60327
50194 54562
50194 65024
50194 65024
50194 54784
50194 59354
50194 58368
50194 60416
50194 51456
50194 54016
50194 65024
50194 65024
50194 65024
50194 56320
50194 60672
50194 58112
50194 65064
50194 52133
50194 55808
50194 56320
50194 55566
50194 56320
50194 53977
50194 61696
50194 65258
50194 63326
50194 52059
50194 53565
50194 56950
50194 51966
50194 65024
50194 53502
50194 61952
50194 63488
50194 65095
50194 61990
50194 50658
50194 61946
50194 61438
50194 57856
50194 54528
50194 59670
50194 64254
50194 65024
50194 54746